Experiment ID                :  IPDGoldbeck2
Problem Type                 :  IPDGoldbeck
Data Input File Name         :  NA
Number of Runs               :  10
Generations per Run          :  60
Population Size              :  100
Selection Method             :  4
Fitness Scaling Type         :  2
Min or Max Fitness           :  max
Crossover Type               :  3
Crossover Rate               :  0.8
Mutation Type                :  1
Mutation Rate                :  0.05
Random Number Seed           :  75982
Number of Genes/Points       :  64
Size of Genes                :  1


 R   1 G   0  14997   11459.45   1051.735
 R   1 G   1  14997   12283.02   1461.207
 R   1 G   2  14997    14037.8    1228.53
 R   1 G   3  14997   14534.31   1064.016
 R   1 G   4  14997   14449.06   1257.738
 R   1 G   5  14997   14435.88   1151.674
 R   1 G   6  14997    14096.4    1758.39
 R   1 G   7  14997   14551.54    1248.91
 R   1 G   8  14997   14782.03    830.343
 R   1 G   9  14997   14655.52   1098.428
 R   1 G  10  14997   14637.54   1051.101
 R   1 G  11  14997   14736.96    962.533
 R   1 G  12  14997   14402.42   1496.409
 R   1 G  13  14997   14118.73    1755.18
 R   1 G  14  14997   14481.63   1500.407
 R   1 G  15  14997   14604.03   1172.956
 R   1 G  16  14997   14460.64   1512.212
 R   1 G  17  14997   14016.81    2006.71
 R   1 G  18  14997   14319.72   1484.131
 R   1 G  19  14997   14658.17   1063.992
 R   1 G  20  14997   14849.49    629.874
 R   1 G  21  14997    14114.6   1694.431
 R   1 G  22  14997   14186.52   1675.438
 R   1 G  23  14997   14467.73   1561.276
 R   1 G  24  14997   14441.37   1452.385
 R   1 G  25  14997   14283.29   1599.935
 R   1 G  26  14997    14897.4     566.25
 R   1 G  27  14997   14532.76   1372.459
 R   1 G  28  14997   14454.54   1196.129
 R   1 G  29  14997   13858.28   2223.026
 R   1 G  30  14997    14416.5   1413.604
 R   1 G  31  14997   14508.11   1222.094
 R   1 G  32  14997   14705.28   1003.544
 R   1 G  33  14997   14186.92   1783.742
 R   1 G  34  14997   14412.14   1502.996
 R   1 G  35  14997   14423.69   1555.118
 R   1 G  36  14997   14699.52   1037.123
 R   1 G  37  14997   14702.81    935.025
 R   1 G  38  14997   14740.98   1322.753
 R   1 G  39  14997   14437.06   1365.585
 R   1 G  40  14997   14552.88   1327.677
 R   1 G  41  14997   14391.06   1494.678
 R   1 G  42  14997   14694.42   1036.327
 R   1 G  43  14997   14429.28   1597.538
 R   1 G  44  14997   14518.12   1420.763
 R   1 G  45  14997   14443.65   1528.766
 R   1 G  46  14997   13809.12   2053.235
 R   1 G  47  14997   14530.37     1217.3
 R   1 G  48  14997    14324.7   1610.159
 R   1 G  49  14997   14460.92   1372.132
 R   1 G  50  14997   14594.04   1263.305
 R   1 G  51  14997   14914.26    351.336
 R   1 G  52  14997   14727.06    914.716
 R   1 G  53  14997   14439.32   1553.348
 R   1 G  54  14997   14673.37   1133.927
 R   1 G  55  14997   14673.07   1409.606
 R   1 G  56  14997   14898.76    655.685
 R   1 G  57  14997   14288.26   1619.671
 R   1 G  58  14997   14441.98   1394.561
 R   1 G  59  14997   14518.16   1372.349
1      0          0          0          0          1          1          0          1          0          0          1          0          0          1          0          0          0          0          1          1          0          0          1          0          0          1          0          1          1          1          0          1          0          0          1          0          0          0          1          0          1          0          0          0          0          0          1          0          0          0          0          0          0          1          1          0          0          0          0          0          0          0          0          0          0   RawFitness
                  0          0          0         -1         -1          0         -1          0          0         -1          0          0         -1          0          0          0          0         -1         -1          0          0         -1          0          0         -1          0         -1         -1         -1          0         -1          0          0         -1          0          0          0         -1          0         -1          0          0          0          0          0         -1          0          0          0          0          0          0         -1         -1          0          0          0          0          0          0          0          0          0          0        14997

 R   2 G   0  14997   11615.78   1058.888
 R   2 G   1  14997   11985.72   1229.876
 R   2 G   2  14997   12841.18   1310.495
 R   2 G   3  14997   14104.73   1275.421
 R   2 G   4  14997   14445.76   1043.031
 R   2 G   5  14997   14587.31   1079.161
 R   2 G   6  14997   14654.76   1109.129
 R   2 G   7  14997   14317.16   1585.961
 R   2 G   8  14997   14578.06   1124.581
 R   2 G   9  14997   14465.37   1328.948
 R   2 G  10  14997   14487.51   1333.326
 R   2 G  11  14997   14451.23   1449.367
 R   2 G  12  14997   14471.53   1491.595
 R   2 G  13  14997   14588.53   1309.798
 R   2 G  14  14997   14586.35   1141.282
 R   2 G  15  14997   14625.74   1376.512
 R   2 G  16  14997   14307.01   1633.648
 R   2 G  17  14997   14674.21   1142.449
 R   2 G  18  14997    14510.5   1384.972
 R   2 G  19  14997   14599.83   1140.221
 R   2 G  20  14997   14554.23   1156.505
 R   2 G  21  14997   14408.65   1533.278
 R   2 G  22  14997   14865.15    718.578
 R   2 G  23  14997    14688.6   1044.063
 R   2 G  24  14997   14626.81   1169.119
 R   2 G  25  14997   14724.06   1199.109
 R   2 G  26  14997   14746.17    900.101
 R   2 G  27  14997   14700.93   1156.035
 R   2 G  28  14997   14701.84    971.194
 R   2 G  29  14997   14179.84   1863.162
 R   2 G  30  14997   14515.62   1232.435
 R   2 G  31  14997   14687.18   1262.711
 R   2 G  32  14997    14997.0        0.0
 R   2 G  33  14997   14428.16   1462.172
 R   2 G  34  14997   14519.88   1393.962
 R   2 G  35  14997   14500.44    1494.78
 R   2 G  36  14997   14451.21   1486.435
 R   2 G  37  14997   14298.24   1518.488
 R   2 G  38  14997   14558.72   1230.918
 R   2 G  39  14997   14292.35   1671.797
 R   2 G  40  14997   14745.93    945.389
 R   2 G  41  14997   14857.04    758.593
 R   2 G  42  14997   14563.56   1321.098
 R   2 G  43  14997   14620.31   1300.865
 R   2 G  44  14997   14552.11   1243.344
 R   2 G  45  14997   14494.22   1361.875
 R   2 G  46  14997   14483.05   1366.426
 R   2 G  47  14997   14568.06   1174.527
 R   2 G  48  14997   14776.42    967.849
 R   2 G  49  14997   14336.27   1516.549
 R   2 G  50  14997   14728.44    965.006
 R   2 G  51  14997   14565.02   1206.494
 R   2 G  52  14997   14487.69   1233.452
 R   2 G  53  14997   14795.05    861.631
 R   2 G  54  14997   14511.19   1524.518
 R   2 G  55  14997   14525.16   1471.979
 R   2 G  56  14997   14634.66   1114.875
 R   2 G  57  14997   14731.95   1241.914
 R   2 G  58  14997    14467.9   1307.812
 R   2 G  59  14997   14423.59   1537.497
2      0          0          1          0          0          1          0          0          0          0          1          0          0          0          0          0          1          0          0          0          1          0          0          1          0          1          1          0          1          0          1          1          1          0          1          0          0          0          0          1          1          0          1          0          0          1          1          1          1          1          1          1          0          1          0          0          0          0          1          0          1          0          1          0          0   RawFitness
                  0         -1          0          0         -1          0          0          0          0         -1          0          0          0          0          0         -1          0          0          0         -1          0          0         -1          0         -1         -1          0         -1          0         -1         -1         -1          0         -1          0          0          0          0         -1         -1          0         -1          0          0         -1         -1         -1         -1         -1         -1         -1          0         -1          0          0          0          0         -1          0         -1          0         -1          0          0        14997

 R   3 G   0  14997   11489.42   1145.541
 R   3 G   1  14997   12320.93   1261.109
 R   3 G   2  14997    13391.9    1403.76
 R   3 G   3  14997   14551.68    751.474
 R   3 G   4  14997   14618.14     826.23
 R   3 G   5  14997    14448.8   1155.008
 R   3 G   6  14997   14677.92   1005.154
 R   3 G   7  14997    14766.7    876.358
 R   3 G   8  14997   14452.19   1527.318
 R   3 G   9  14997   14332.96   1692.531
 R   3 G  10  14997   14521.59   1542.104
 R   3 G  11  14997   14472.76   1409.343
 R   3 G  12  14997   14816.49      629.8
 R   3 G  13  14997   14315.26   1437.656
 R   3 G  14  14997    13991.1    1944.64
 R   3 G  15  14997    13946.1   1829.369
 R   3 G  16  14997   14328.14   1515.309
 R   3 G  17  14997   14265.56   1867.939
 R   3 G  18  14997   14297.29   1620.162
 R   3 G  19  14997   14324.36   1553.071
 R   3 G  20  14997    14476.1   1383.286
 R   3 G  21  14997   14271.32    1940.35
 R   3 G  22  14997   14280.87   1623.069
 R   3 G  23  14997   13852.73   1854.648
 R   3 G  24  14997   14452.42   1481.037
 R   3 G  25  14997   14427.24   1382.046
 R   3 G  26  14997   13948.41   2028.484
 R   3 G  27  14997   13877.75   2016.919
 R   3 G  28  14997   13973.99   1909.624
 R   3 G  29  14997    14322.5   1429.251
 R   3 G  30  14997   14476.92    1526.27
 R   3 G  31  14997   14662.33   1147.417
 R   3 G  32  14997    14345.2   1662.153
 R   3 G  33  14997    14652.1   1184.603
 R   3 G  34  14997   14043.56   2052.543
 R   3 G  35  14997   14139.07   1658.452
 R   3 G  36  14997   14476.51   1365.268
 R   3 G  37  14997   14619.43    1266.83
 R   3 G  38  14997   14487.31    1326.21
 R   3 G  39  14997   14085.83    2115.91
 R   3 G  40  14997   14020.52   1943.221
 R   3 G  41  14997   14007.36   1842.409
 R   3 G  42  14997   13929.58   1870.049
 R   3 G  43  14997   14371.25   1430.485
 R   3 G  44  14997   14175.65   1850.288
 R   3 G  45  14997   14452.79   1377.245
 R   3 G  46  14997   14142.87   1831.459
 R   3 G  47  14997    14007.7    2164.62
 R   3 G  48  14997   14530.23   1449.137
 R   3 G  49  14997   14132.59   2078.341
 R   3 G  50  14997   14229.79   1656.603
 R   3 G  51  14997   14225.09   1713.188
 R   3 G  52  14997   13716.08   2021.292
 R   3 G  53  14997   13971.56   1908.518
 R   3 G  54  14997   14279.42   1574.722
 R   3 G  55  14997   14053.63   1935.199
 R   3 G  56  14997   13897.32    1855.57
 R   3 G  57  14997    13864.1   1887.025
 R   3 G  58  14997   14202.37   1538.126
 R   3 G  59  14997   14396.82   1474.984
3      0          0          1          0          1          1          1          1          1          0          1          0          1          1          1          0          1          1          1          1          0          0          0          0          1          0          0          1          1          1          0          0          0          0          0          0          0          1          1          1          1          0          0          0          0          0          0          1          0          0          1          1          1          0          1          0          1          1          0          0          0          0          0          0          0   RawFitness
                  0         -1          0         -1         -1         -1         -1         -1          0         -1          0         -1         -1         -1          0         -1         -1         -1         -1          0          0          0          0         -1          0          0         -1         -1         -1          0          0          0          0          0          0          0         -1         -1         -1         -1          0          0          0          0          0          0         -1          0          0         -1         -1         -1          0         -1          0         -1         -1          0          0          0          0          0          0          0        14997

 R   4 G   0  13956   11511.64   1088.451
 R   4 G   1  13880    11767.9   1093.818
 R   4 G   2  14997   12414.39   1323.314
 R   4 G   3  14997   13515.99   1354.288
 R   4 G   4  14997   14506.94   1134.714
 R   4 G   5  14997   14594.27   1179.326
 R   4 G   6  14997   14108.12   1524.996
 R   4 G   7  14997   14693.84    838.154
 R   4 G   8  14997   14454.56     1378.1
 R   4 G   9  14997   14396.47   1292.866
 R   4 G  10  14997   14135.96   1540.729
 R   4 G  11  14997   14564.69   1278.518
 R   4 G  12  14997   14262.41   1489.162
 R   4 G  13  14997   14610.53   1129.731
 R   4 G  14  14997    14997.0        0.0
 R   4 G  15  14997   14357.93   1392.338
 R   4 G  16  14997   14507.43   1179.411
 R   4 G  17  14997   14457.44   1449.622
 R   4 G  18  14997   14371.04   1685.991
 R   4 G  19  14997   14315.18   1385.282
 R   4 G  20  14997   14396.11    1278.36
 R   4 G  21  14997   14440.47   1336.535
 R   4 G  22  14997   14695.75    929.279
 R   4 G  23  14997   14452.11   1559.981
 R   4 G  24  14997   14263.57   1412.692
 R   4 G  25  14997   14417.91   1348.476
 R   4 G  26  14997   14315.46   1453.703
 R   4 G  27  14997    14593.4    1218.91
 R   4 G  28  14997   14564.24   1303.485
 R   4 G  29  14997    14997.0        0.0
 R   4 G  30  14997   14511.61    1275.59
 R   4 G  31  14997   14444.65   1445.471
 R   4 G  32  14997   14267.59   1756.538
 R   4 G  33  14997   14477.02   1222.704
 R   4 G  34  14997   14671.34   1025.944
 R   4 G  35  14997   14107.37   1742.803
 R   4 G  36  14997   14386.19   1473.757
 R   4 G  37  14997    14663.3   1160.179
 R   4 G  38  14997   14217.69   1665.263
 R   4 G  39  14997   14422.73   1496.473
 R   4 G  40  14997   14360.69   1504.329
 R   4 G  41  14997   14478.65    1284.73
 R   4 G  42  14997   14007.74   1882.467
 R   4 G  43  14997   14725.36    893.036
 R   4 G  44  14997   13799.34    2044.57
 R   4 G  45  14997   14013.34   1651.681
 R   4 G  46  14997   14522.36   1299.555
 R   4 G  47  14997   14562.41   1276.218
 R   4 G  48  14997   14776.18    816.536
 R   4 G  49  14997   14647.08   1121.593
 R   4 G  50  14997   14536.08   1162.762
 R   4 G  51  14997    14190.9   1496.454
 R   4 G  52  14997   14502.76   1239.417
 R   4 G  53  14997   14480.55    1371.19
 R   4 G  54  14997   14260.64     1499.4
 R   4 G  55  14997   14877.04    453.974
 R   4 G  56  14997   14399.57   1344.229
 R   4 G  57  14997   14671.96   1215.234
 R   4 G  58  14997   14470.29   1396.113
 R   4 G  59  14997   14541.06   1352.308
4      2          0          0          0          0          0          1          1          1          0          0          0          0          0          0          1          1          0          0          0          0          1          0          1          1          0          0          0          0          1          0          0          1          0          1          0          1          1          0          1          0          0          0          0          0          1          1          0          1          1          0          0          1          1          0          1          1          1          1          1          1          1          0          0          0   RawFitness
                  0          0          0          0          0         -1         -1         -1          0          0          0          0          0          0         -1         -1          0          0          0          0         -1          0         -1         -1          0          0          0          0         -1          0          0         -1          0         -1          0         -1         -1          0         -1          0          0          0          0          0         -1         -1          0         -1         -1          0          0         -1         -1          0         -1         -1         -1         -1         -1         -1         -1          0          0          0        14997

 R   5 G   0  14997   11382.73   1001.004
 R   5 G   1  14997   11839.96   1219.292
 R   5 G   2  14997    12922.8   1558.329
 R   5 G   3  14997   14114.93   1200.104
 R   5 G   4  14997   14574.14     843.18
 R   5 G   5  14997    14997.0        0.0
 R   5 G   6  14997   14287.02   1358.267
 R   5 G   7  14997   14110.58    1421.06
 R   5 G   8  14997   14177.83   1471.161
 R   5 G   9  14997   14579.91   1061.286
 R   5 G  10  14997   14352.17   1429.914
 R   5 G  11  14997   14347.66   1446.635
 R   5 G  12  14997   14388.29    1352.45
 R   5 G  13  14997    14085.2   1714.296
 R   5 G  14  14997   14769.48    793.659
 R   5 G  15  14997   14536.25   1148.151
 R   5 G  16  14997   14410.18   1183.234
 R   5 G  17  14997   14300.37   1414.334
 R   5 G  18  14997   14107.34   1594.024
 R   5 G  19  14997   14736.52    958.062
 R   5 G  20  14997   14606.09   1243.397
 R   5 G  21  14997   14521.54   1120.072
 R   5 G  22  14997   14591.96   1059.625
 R   5 G  23  14997   14464.56   1351.818
 R   5 G  24  14997   14528.61   1113.918
 R   5 G  25  14997   14385.14   1205.289
 R   5 G  26  14997   14638.02   1053.496
 R   5 G  27  14997   14827.98    725.406
 R   5 G  28  14997   14396.22   1335.126
 R   5 G  29  14997   14446.34    1253.25
 R   5 G  30  14997   14263.68   1486.693
 R   5 G  31  14997   14185.22   1758.628
 R   5 G  32  14997   14611.25   1205.695
 R   5 G  33  14997   14444.49   1377.785
 R   5 G  34  14997   14507.17   1435.545
 R   5 G  35  14997   14554.41   1182.554
 R   5 G  36  14997   14331.96    1448.95
 R   5 G  37  14997   14447.35   1479.121
 R   5 G  38  14997   14760.55    843.198
 R   5 G  39  14997   14524.07   1183.267
 R   5 G  40  14997   14548.85   1129.402
 R   5 G  41  14997   14179.68   1672.042
 R   5 G  42  14997   14673.65   1089.512
 R   5 G  43  14997   14398.73   1501.579
 R   5 G  44  14997    14638.0   1035.114
 R   5 G  45  14997   14486.06   1258.556
 R   5 G  46  14997   14347.13   1502.158
 R   5 G  47  14997    14317.7   1457.934
 R   5 G  48  14997   14632.31    1100.66
 R   5 G  49  14997   14177.84   1647.571
 R   5 G  50  14997   14006.46   1887.215
 R   5 G  51  14997   14275.19   1621.438
 R   5 G  52  14997   14527.16   1361.668
 R   5 G  53  14997   14645.92    1102.44
 R   5 G  54  14997   14254.83   1535.912
 R   5 G  55  14997   14184.85   1553.772
 R   5 G  56  14997   13986.91    2038.75
 R   5 G  57  14997   14326.12   1351.651
 R   5 G  58  14997    14440.3   1351.543
 R   5 G  59  14997   14693.34    1020.47
5      0          0          1          0          1          0          0          0          1          0          0          0          1          0          1          0          1          0          1          1          1          0          0          0          0          1          1          0          1          0          1          0          0          0          0          0          1          0          1          0          1          0          0          0          1          0          0          0          1          1          1          0          0          1          1          0          1          1          0          1          1          1          0          0          1   RawFitness
                  0         -1          0         -1          0          0          0         -1          0          0          0         -1          0         -1          0         -1          0         -1         -1         -1          0          0          0          0         -1         -1          0         -1          0         -1          0          0          0          0          0         -1          0         -1          0         -1          0          0          0         -1          0          0          0         -1         -1         -1          0          0         -1         -1          0         -1         -1          0         -1         -1         -1          0          0         -1        14997

 R   6 G   0  13942   11330.13     955.61
 R   6 G   1  14134   12156.04   1200.149
 R   6 G   2  14585   12921.37   1406.415
 R   6 G   3  14997   14061.26   1325.806
 R   6 G   4  14997   14546.53     963.37
 R   6 G   5  14997   14588.72   1099.802
 R   6 G   6  14997   14408.34    1129.95
 R   6 G   7  14997   14601.64   1124.607
 R   6 G   8  14997   13851.24   1878.249
 R   6 G   9  14997   14088.98    1700.23
 R   6 G  10  14997   14369.48   1460.019
 R   6 G  11  14997   14720.39    930.395
 R   6 G  12  14997   14296.82   1522.497
 R   6 G  13  14997   14361.43   1642.015
 R   6 G  14  14997   14023.75   1824.826
 R   6 G  15  14997   14574.96   1128.663
 R   6 G  16  14997   14542.82    1165.71
 R   6 G  17  14997   14585.34   1145.181
 R   6 G  18  14997   14303.55    1675.78
 R   6 G  19  14997    14815.0    759.047
 R   6 G  20  14997    14033.4    1691.78
 R   6 G  21  14997   14576.68   1073.752
 R   6 G  22  14997    14588.3   1107.213
 R   6 G  23  14997   14671.53    965.491
 R   6 G  24  14997   14263.38   1517.836
 R   6 G  25  14997   14106.73   1724.748
 R   6 G  26  14997   14147.49   1727.625
 R   6 G  27  14997    14002.6   1861.109
 R   6 G  28  14997   14743.58    829.837
 R   6 G  29  14997   14445.87   1271.221
 R   6 G  30  14997   14554.25   1295.762
 R   6 G  31  14997   14318.35   1744.202
 R   6 G  32  14997   13739.45   2015.205
 R   6 G  33  14997   14426.74    1483.45
 R   6 G  34  14997   14144.68   1592.346
 R   6 G  35  14997   14070.02   1757.756
 R   6 G  36  14997   13989.03   1741.511
 R   6 G  37  14997   14293.56   1766.671
 R   6 G  38  14997   14235.87   1747.104
 R   6 G  39  14997   14435.75   1302.915
 R   6 G  40  14997   14469.92   1450.828
 R   6 G  41  14997   14520.54   1322.808
 R   6 G  42  14997   14226.48   1590.067
 R   6 G  43  14997   14350.29   1367.266
 R   6 G  44  14997   14024.54    2098.56
 R   6 G  45  14997   14562.66   1243.816
 R   6 G  46  14997   14473.41   1153.087
 R   6 G  47  14997   14079.88   1708.337
 R   6 G  48  14997   14528.36     1104.8
 R   6 G  49  14997   14630.42   1000.944
 R   6 G  50  14997   14044.72   1813.217
 R   6 G  51  14997    14410.4    1204.15
 R   6 G  52  14997   14710.86   1035.833
 R   6 G  53  14997   14037.97    1802.75
 R   6 G  54  14997   14352.85   1527.948
 R   6 G  55  14997   14326.66   1489.032
 R   6 G  56  14997   14368.24    1460.46
 R   6 G  57  14997   14170.43   1549.371
 R   6 G  58  14997   14488.93   1243.471
 R   6 G  59  14997    14565.1   1233.883
6      3          0          1          0          0          0          0          1          0          0          0          0          0          1          1          0          0          1          0          1          1          0          1          1          0          0          0          0          1          0          1          1          0          0          1          0          0          1          0          1          0          0          1          0          0          0          0          1          0          0          0          0          1          0          0          1          1          1          1          0          0          0          0          1          1   RawFitness
                  0         -1          0          0          0          0         -1          0          0          0          0          0         -1         -1          0          0         -1          0         -1         -1          0         -1         -1          0          0          0          0         -1          0         -1         -1          0          0         -1          0          0         -1          0         -1          0          0         -1          0          0          0          0         -1          0          0          0          0         -1          0          0         -1         -1         -1         -1          0          0          0          0         -1         -1        14997

 R   7 G   0  14997   11630.04   1166.684
 R   7 G   1  14997   12160.47   1487.537
 R   7 G   2  14997   13366.67   1477.261
 R   7 G   3  14997   14344.62   1193.856
 R   7 G   4  14997    14435.7   1212.956
 R   7 G   5  14997   14528.52   1343.888
 R   7 G   6  14997   14355.39   1558.441
 R   7 G   7  14997   14576.68    1266.05
 R   7 G   8  14997   14638.06   1402.202
 R   7 G   9  14997   14565.78   1517.888
 R   7 G  10  14997   14613.65   1103.885
 R   7 G  11  14997   14829.47    768.854
 R   7 G  12  14997    14853.5    522.408
 R   7 G  13  14997   14698.33    1127.96
 R   7 G  14  14997   14686.11   1154.502
 R   7 G  15  14997   14364.36   1643.127
 R   7 G  16  14997   14495.88    1252.92
 R   7 G  17  14997   14826.53     932.96
 R   7 G  18  14997   14491.31   1687.301
 R   7 G  19  14997    14538.9   1752.166
 R   7 G  20  14997    14765.5     967.14
 R   7 G  21  14997   14525.59   1269.967
 R   7 G  22  14997   14372.91   1380.425
 R   7 G  23  14997   14273.94   1639.393
 R   7 G  24  14997    14757.9    768.625
 R   7 G  25  14997   14701.71    830.018
 R   7 G  26  14997   14254.02   1768.993
 R   7 G  27  14997   14844.81    607.523
 R   7 G  28  14997   14588.63   1224.448
 R   7 G  29  14997   14350.73   1680.095
 R   7 G  30  14997   14353.28   1665.778
 R   7 G  31  14997    14347.9    1437.25
 R   7 G  32  14997   14627.28   1123.739
 R   7 G  33  14997   14682.39    1043.18
 R   7 G  34  14997   14773.12    824.157
 R   7 G  35  14997   14435.79   1559.379
 R   7 G  36  14997   14733.65     967.96
 R   7 G  37  14997   14900.55     522.06
 R   7 G  38  14997   14531.75    1391.83
 R   7 G  39  14997   14472.42   1532.074
 R   7 G  40  14997   14798.11    843.283
 R   7 G  41  14997    14655.9    935.116
 R   7 G  42  14997    14400.0    1540.93
 R   7 G  43  14997   14423.03   1431.082
 R   7 G  44  14997   14593.15   1263.469
 R   7 G  45  14997   14297.79   1540.387
 R   7 G  46  14997   14293.65   1482.321
 R   7 G  47  14997   14529.49   1181.576
 R   7 G  48  14997   14514.09   1490.984
 R   7 G  49  14997   14187.38   2034.753
 R   7 G  50  14997   14398.72   1541.772
 R   7 G  51  14997   14164.33   1921.828
 R   7 G  52  14997   14568.99    1200.86
 R   7 G  53  14997   14488.78   1376.641
 R   7 G  54  14997   14331.07   1425.384
 R   7 G  55  14997    14559.8   1286.084
 R   7 G  56  14997   14518.46   1579.699
 R   7 G  57  14997   14308.12   1645.537
 R   7 G  58  14997   14287.13   1441.831
 R   7 G  59  14997   14353.01   1543.312
7      0          0          0          0          1          1          0          0          1          0          1          0          0          0          1          0          1          0          0          1          1          1          1          0          0          1          1          0          0          1          0          0          1          0          0          0          0          0          1          0          0          0          1          0          0          0          0          1          0          1          1          1          1          0          1          0          0          0          0          1          1          1          0          0          1   RawFitness
                  0          0          0         -1         -1          0          0         -1          0         -1          0          0          0         -1          0         -1          0          0         -1         -1         -1         -1          0          0         -1         -1          0          0         -1          0          0         -1          0          0          0          0          0         -1          0          0          0         -1          0          0          0          0         -1          0         -1         -1         -1         -1          0         -1          0          0          0          0         -1         -1         -1          0          0         -1        14997

 R   8 G   0  14026   11359.84    912.303
 R   8 G   1  14208    11554.8    970.847
 R   8 G   2  14635   12052.92   1140.946
 R   8 G   3  14997    13270.2    1343.94
 R   8 G   4  14997   14107.43    1136.54
 R   8 G   5  14997   14606.72    766.237
 R   8 G   6  14997   14724.27    530.787
 R   8 G   7  14997   14572.76   1038.893
 R   8 G   8  14997   14303.33   1300.697
 R   8 G   9  14997   14805.67    713.607
 R   8 G  10  14997   14572.55     951.14
 R   8 G  11  14997   14649.08   1002.346
 R   8 G  12  14997   14760.23    777.993
 R   8 G  13  14997   14351.03   1256.387
 R   8 G  14  14997   14227.56   1410.165
 R   8 G  15  14997   14743.31    944.466
 R   8 G  16  14997   14450.85   1174.542
 R   8 G  17  14997   14184.44   1668.988
 R   8 G  18  14997   14540.64   1222.507
 R   8 G  19  14997   14689.82    963.318
 R   8 G  20  14997   14492.12   1219.021
 R   8 G  21  14997   14479.36   1361.885
 R   8 G  22  14997   14502.11   1445.482
 R   8 G  23  14997   14305.17   1894.698
 R   8 G  24  14997   14559.79   1252.798
 R   8 G  25  14997   14860.34    539.998
 R   8 G  26  14997   14323.86   1371.323
 R   8 G  27  14997   14455.51   1399.936
 R   8 G  28  14997   14604.72   1040.497
 R   8 G  29  14997    14616.5   1141.345
 R   8 G  30  14997   13901.64   1810.246
 R   8 G  31  14997   14401.22   1258.644
 R   8 G  32  14997   14436.35   1170.566
 R   8 G  33  14997   14429.62   1244.899
 R   8 G  34  14997   14451.58   1367.014
 R   8 G  35  14997   14271.45   1485.863
 R   8 G  36  14997   14450.02   1574.602
 R   8 G  37  14997   14450.99   1610.795
 R   8 G  38  14997   14406.22   1419.069
 R   8 G  39  14997   14584.23   1220.182
 R   8 G  40  14997   14356.98   1600.193
 R   8 G  41  14997   14689.89   1136.804
 R   8 G  42  14997   14460.04    1381.85
 R   8 G  43  14997   14523.85   1186.026
 R   8 G  44  14997   14581.28   1166.212
 R   8 G  45  14997   14319.17    1677.85
 R   8 G  46  14997   14313.17   1490.446
 R   8 G  47  14997   14700.65    929.505
 R   8 G  48  14997   14474.02   1263.406
 R   8 G  49  14997   14404.23   1385.944
 R   8 G  50  14997   14565.81   1288.117
 R   8 G  51  14997   14528.01   1279.483
 R   8 G  52  14997   14602.75    995.094
 R   8 G  53  14997    14138.1   1778.246
 R   8 G  54  14997   14428.16   1464.278
 R   8 G  55  14997   14440.53   1296.289
 R   8 G  56  14997   14648.94   1069.487
 R   8 G  57  14997   14064.33   1930.334
 R   8 G  58  14997   14458.08   1542.024
 R   8 G  59  14997   14365.35    1507.73
8      3          0          0          0          0          1          0          1          1          0          1          0          0          0          1          1          0          1          1          0          0          0          0          1          1          0          1          0          1          0          0          0          0          0          1          0          0          1          0          1          1          0          0          0          1          1          1          1          1          1          1          0          0          0          0          0          0          0          0          0          1          1          1          0          1   RawFitness
                  0          0          0          0         -1          0         -1         -1          0         -1          0          0          0         -1         -1          0         -1         -1          0          0          0          0         -1         -1          0         -1          0         -1          0          0          0          0          0         -1          0          0         -1          0         -1         -1          0          0          0         -1         -1         -1         -1         -1         -1         -1          0          0          0          0          0          0          0          0          0         -1         -1         -1          0         -1        14997

 R   9 G   0  14997   11583.33   1228.274
 R   9 G   1  14997   12407.56   1375.156
 R   9 G   2  14997   13731.25   1395.877
 R   9 G   3  14997   14125.43   1679.081
 R   9 G   4  14997   14529.26   1258.733
 R   9 G   5  14997   14277.85   1502.808
 R   9 G   6  14997   14925.17    356.055
 R   9 G   7  14997   14546.08   1299.034
 R   9 G   8  14997   14699.19    981.982
 R   9 G   9  14997   14703.98    997.416
 R   9 G  10  14997   14459.81   1381.153
 R   9 G  11  14997   14360.31   1423.582
 R   9 G  12  14997   14326.55   1518.134
 R   9 G  13  14997   14543.96    1188.81
 R   9 G  14  14997   14360.94    1566.17
 R   9 G  15  14997   14281.37   1500.324
 R   9 G  16  14997   14006.81   1844.795
 R   9 G  17  14997   14136.43   1878.484
 R   9 G  18  14997   14328.99   1536.843
 R   9 G  19  14997   14091.63   1888.376
 R   9 G  20  14997   14387.95   1303.474
 R   9 G  21  14997   14017.08   1857.794
 R   9 G  22  14997   14122.88   1665.865
 R   9 G  23  14997   13811.62   2118.572
 R   9 G  24  14997   14080.74   1831.046
 R   9 G  25  14997   14299.27   1714.115
 R   9 G  26  14997   14285.83   1512.798
 R   9 G  27  14997   14169.45   1565.476
 R   9 G  28  14997   14038.07   1674.885
 R   9 G  29  14997    13889.5    1852.22
 R   9 G  30  14997   14291.26   1513.207
 R   9 G  31  14997   14552.39    1236.99
 R   9 G  32  14997    14997.0        0.0
 R   9 G  33  14997   14697.43    860.242
 R   9 G  34  14997   14115.62   1498.293
 R   9 G  35  14997   14137.49    1514.37
 R   9 G  36  14997   13944.17   1758.105
 R   9 G  37  14997   13581.34   2317.463
 R   9 G  38  14997   13958.38   2065.894
 R   9 G  39  14997   14419.04   1590.849
 R   9 G  40  14997   14244.09   1548.029
 R   9 G  41  14997    14600.6    1031.86
 R   9 G  42  14997   14315.76    1607.82
 R   9 G  43  14997   14440.38   1315.849
 R   9 G  44  14997   14322.61   1707.847
 R   9 G  45  14997   14288.53   1651.892
 R   9 G  46  14997    14597.2   1250.737
 R   9 G  47  14997   14742.04   1025.426
 R   9 G  48  14997   14331.66   1608.867
 R   9 G  49  14997   14552.08   1287.646
 R   9 G  50  14997   14586.16   1132.345
 R   9 G  51  14997   14507.69   1160.022
 R   9 G  52  14997   13784.61   1881.982
 R   9 G  53  14997   14174.16    1672.71
 R   9 G  54  14997   14345.97   1523.365
 R   9 G  55  14997   14681.35    994.754
 R   9 G  56  14997    14418.1   1364.664
 R   9 G  57  14997    14664.2   1039.125
 R   9 G  58  14997   14454.69   1419.087
 R   9 G  59  14997   14448.95   1409.727
9      0          0          0          0          1          1          0          0          1          0          0          0          0          0          0          0          1          1          1          0          1          1          1          1          0          1          1          1          0          1          1          1          0          0          1          0          1          0          0          1          1          0          0          0          0          1          0          0          1          1          0          0          1          1          1          0          1          1          0          1          0          0          1          0          0   RawFitness
                  0          0          0         -1         -1          0          0         -1          0          0          0          0          0          0          0         -1         -1         -1          0         -1         -1         -1         -1          0         -1         -1         -1          0         -1         -1         -1          0          0         -1          0         -1          0          0         -1         -1          0          0          0          0         -1          0          0         -1         -1          0          0         -1         -1         -1          0         -1         -1          0         -1          0          0         -1          0          0        14997

 R  10 G   0  14015   11380.23    992.909
 R  10 G   1  14997   11732.24   1159.602
 R  10 G   2  14997   12653.97   1451.408
 R  10 G   3  14997   13598.39   1517.031
 R  10 G   4  14997   14083.88   1422.435
 R  10 G   5  14997   14697.04   1090.829
 R  10 G   6  14997   14554.95   1099.556
 R  10 G   7  14997   14304.82   1545.459
 R  10 G   8  14997   14461.69   1391.334
 R  10 G   9  14997   14705.26   1013.822
 R  10 G  10  14997    14710.3   1053.656
 R  10 G  11  14997   14287.27   1698.164
 R  10 G  12  14997   14407.06   1715.679
 R  10 G  13  14997   14408.79    1512.95
 R  10 G  14  14997   14822.14    791.461
 R  10 G  15  14997   14638.33   1131.431
 R  10 G  16  14997    14479.1   1390.801
 R  10 G  17  14997   14398.36    1368.59
 R  10 G  18  14997   14772.54    996.647
 R  10 G  19  14997   14542.95   1273.054
 R  10 G  20  14997   14515.85   1371.037
 R  10 G  21  14997   14416.23   1524.101
 R  10 G  22  14997   14047.23   1744.168
 R  10 G  23  14997   14435.64   1369.805
 R  10 G  24  14997   14277.32   1614.469
 R  10 G  25  14997   14433.89   1499.784
 R  10 G  26  14997   14643.71   1041.279
 R  10 G  27  14997   14413.81   1438.047
 R  10 G  28  14997   14463.79   1495.329
 R  10 G  29  14997   14420.96   1498.101
 R  10 G  30  14997   14464.73   1489.933
 R  10 G  31  14997   14461.53   1404.099
 R  10 G  32  14997   14472.62    1502.88
 R  10 G  33  14997   14588.94   1172.695
 R  10 G  34  14997   14313.98   1660.466
 R  10 G  35  14997   14920.33    460.643
 R  10 G  36  14997   14619.71   1145.129
 R  10 G  37  14997   14709.48   1049.395
 R  10 G  38  14997   14669.75   1206.354
 R  10 G  39  14997   14680.66   1148.043
 R  10 G  40  14997   14532.66   1295.716
 R  10 G  41  14997   14412.87   1534.949
 R  10 G  42  14997   14185.87   1793.399
 R  10 G  43  14997   14340.63   1679.097
 R  10 G  44  14997   14389.95   1557.193
 R  10 G  45  14997   14485.78   1300.809
 R  10 G  46  14997   14907.61    529.523
 R  10 G  47  14997   14504.27   1370.565
 R  10 G  48  14997   14587.32   1340.891
 R  10 G  49  14997   14402.94   1646.663
 R  10 G  50  14997    14340.4   1647.662
 R  10 G  51  14997   14347.76   1628.426
 R  10 G  52  14997   14554.86   1269.263
 R  10 G  53  14997   14603.17   1359.684
 R  10 G  54  14997   14652.17   1215.245
 R  10 G  55  14997   14632.35   1126.433
 R  10 G  56  14997   14761.29     930.08
 R  10 G  57  14997   14786.95   1178.373
 R  10 G  58  14997   14509.06   1367.564
 R  10 G  59  14997   14524.36   1284.739
10     1          0          0          0          1          1          1          0          1          0          0          0          0          1          1          1          1          0          1          1          1          1          0          0          1          0          1          1          1          0          1          0          0          0          1          0          0          0          0          1          1          0          0          0          1          0          0          1          0          1          0          0          0          0          1          0          1          0          0          1          0          1          0          1          1   RawFitness
                  0          0          0         -1         -1         -1          0         -1          0          0          0          0         -1         -1         -1         -1          0         -1         -1         -1         -1          0          0         -1          0         -1         -1         -1          0         -1          0          0          0         -1          0          0          0          0         -1         -1          0          0          0         -1          0          0         -1          0         -1          0          0          0          0         -1          0         -1          0          0         -1          0         -1          0         -1         -1        14997

B                 0          0          0          1          1          0          1          0          0          1          0          0          1          0          0          0          0          1          1          0          0          1          0          0          1          0          1          1          1          0          1          0          0          1          0          0          0          1          0          1          0          0          0          0          0          1          0          0          0          0          0          0          1          1          0          0          0          0          0          0          0          0          0          0   RawFitness
                  0          0          0         -1         -1          0         -1          0          0         -1          0          0         -1          0          0          0          0         -1         -1          0          0         -1          0          0         -1          0         -1         -1         -1          0         -1          0          0         -1          0          0          0         -1          0         -1          0          0          0          0          0         -1          0          0          0          0          0          0         -1         -1          0          0          0          0          0          0          0          0          0          0        14997

Gen                 AvgFit              BestFit 
0              11474.26            14592.1             
1              12020.86            14720.1             
2              13033.43            14919.6             
3              14022.15            14997.0             
4              14429.68            14997.0             
5              14576.21            14997.0             
6              14479.23            14997.0             
7              14504.18            14997.0             
8              14439.82            14997.0             
9              14529.99            14997.0             
10             14486.06            14997.0             
11             14541.98            14997.0             
12             14498.53            14997.0             
13             14408.18            14997.0             
14             14494.61            14997.0             
15             14467.24            14997.0             
16             14398.89            14997.0             
17             14384.55            14997.0             
18             14404.29            14997.0             
19             14531.24            14997.0             
20             14507.68            14997.0             
21             14377.15            14997.0             
22             14425.37            14997.0             
23             14342.36            14997.0             
24             14425.19            14997.0             
25             14463.96            14997.0             
26             14420.04            14997.0             
27             14441.9             14997.0             
28             14452.96            14997.0             
29             14352.75            14997.0             
30             14374.95            14997.0             
31             14456.89            14997.0             
32             14519.9             14997.0             
33             14501.38            14997.0             
34             14395.31            14997.0             
35             14356.01            14997.0             
36             14408.2             14997.0             
37             14466.71            14997.0             
38             14456.72            14997.0             
39             14435.41            14997.0             
40             14463.06            14997.0             
41             14479.36            14997.0             
42             14345.71            14997.0             
43             14462.31            14997.0             
44             14359.48            14997.0             
45             14384.4             14997.0             
46             14388.96            14997.0             
47             14454.26            14997.0             
48             14547.53            14997.0             
49             14393.18            14997.0             
50             14403.06            14997.0             
51             14412.87            14997.0             
52             14418.28            14997.0             
53             14377.46            14997.0             
54             14408.97            14997.0             
55             14495.44            14997.0             
56             14453.23            14997.0             
57             14387.64            14997.0             
58             14422.07            14997.0             
59             14482.97            14997.0             

