Experiment ID                :  IPDGoldberg
Problem Type                 :  IPDGoldbeck
Data Input File Name         :  NA
Number of Runs               :  10
Generations per Run          :  60
Population Size              :  100
Selection Method             :  4
Fitness Scaling Type         :  2
Min or Max Fitness           :  max
Crossover Type               :  1
Crossover Rate               :  0.8
Mutation Type                :  1
Mutation Rate                :  0.8
Random Number Seed           :  75982
Number of Genes/Points       :  64
Size of Genes                :  1


 R   1 G   0    754     593.83      43.57
 R   1 G   1    760      594.7     46.884
 R   1 G   2    783     595.54     57.745
 R   1 G   3    755     590.27     55.009
 R   1 G   4    742     589.48      59.13
 R   1 G   5    803     589.72     67.278
 R   1 G   6    766     594.36     52.892
 R   1 G   7    777     589.31     63.054
 R   1 G   8    754     581.66     66.394
 R   1 G   9    782     590.31     81.516
 R   1 G  10    761     595.55     54.404
 R   1 G  11    772     594.62     66.944
 R   1 G  12    750     580.27     68.255
 R   1 G  13    784     589.41     63.971
 R   1 G  14    747     580.54     68.161
 R   1 G  15    745     590.14     53.052
 R   1 G  16    760     577.48     79.474
 R   1 G  17    755     592.08     68.784
 R   1 G  18    774     587.76     73.706
 R   1 G  19    785     586.38      69.97
 R   1 G  20    771     583.99     73.498
 R   1 G  21    775     593.07     64.182
 R   1 G  22    764     586.15      62.17
 R   1 G  23    765     585.84     61.662
 R   1 G  24    773     589.23     64.403
 R   1 G  25    778     588.73     72.232
 R   1 G  26    752     586.76     64.021
 R   1 G  27    753     594.63     63.808
 R   1 G  28    760     590.07     61.196
 R   1 G  29    772      591.1      64.16
 R   1 G  30    738     585.66     59.927
 R   1 G  31    771     588.39     77.092
 R   1 G  32    763     579.58     65.152
 R   1 G  33    775      590.5     73.427
 R   1 G  34    754     590.23     66.967
 R   1 G  35    752     591.75     58.302
 R   1 G  36    780     592.54     67.884
 R   1 G  37    787     585.68     78.068
 R   1 G  38    736     582.78     59.001
 R   1 G  39    790     590.64      71.74
 R   1 G  40    765     588.47     68.121
 R   1 G  41    766      596.8     67.813
 R   1 G  42    748     585.59     63.481
 R   1 G  43    756     587.85     63.959
 R   1 G  44    770     587.62     70.704
 R   1 G  45    733     587.83     56.891
 R   1 G  46    776     598.36     64.696
 R   1 G  47    784     593.77     68.983
 R   1 G  48    792     599.48     64.232
 R   1 G  49    792     586.83     77.873
 R   1 G  50    776     595.07     61.493
 R   1 G  51    771      590.7     61.185
 R   1 G  52    753      586.3     54.925
 R   1 G  53    764     589.93      72.23
 R   1 G  54    748     588.03     59.114
 R   1 G  55    768     593.39     67.515
 R   1 G  56    778     589.18     68.136
 R   1 G  57    789     592.88     69.169
 R   1 G  58    720     581.45     55.385
 R   1 G  59    801     593.16     68.491
1      5          1          0          0          0          1          0          0          0          0          1          0          0          0          1          0          1          0          1          0          0          0          1          1          0          0          1          0          1          0          0          1          1          0          1          0          1          1          0          0          1          0          0          0          1          0          0          0          1          0          1          0          1          0          0          0          0          1          1          0          0          0          1          1          1   RawFitness
                 -1          0          0          0         -1          0          0          0          0         -1          0          0          0         -1          0         -1          0         -1          0          0          0         -1         -1          0          0         -1          0         -1          0          0         -1         -1          0         -1          0         -1         -1          0          0         -1          0          0          0         -1          0          0          0         -1          0         -1          0         -1          0          0          0          0         -1         -1          0          0          0         -1         -1         -1          803

 R   2 G   0    768     592.55      47.56
 R   2 G   1    750     590.78     56.231
 R   2 G   2    786     590.97     61.054
 R   2 G   3    737     597.01     54.573
 R   2 G   4    735     592.27     49.728
 R   2 G   5    772     592.08     70.937
 R   2 G   6    754     594.08     53.819
 R   2 G   7    786     585.35     72.633
 R   2 G   8    739      588.7     58.935
 R   2 G   9    779     587.93     68.087
 R   2 G  10    727     590.55     51.324
 R   2 G  11    781     592.82     69.428
 R   2 G  12    766     593.83     56.569
 R   2 G  13    733     579.93     71.492
 R   2 G  14    783     601.88     61.247
 R   2 G  15    740     583.63     65.099
 R   2 G  16    740     590.69     58.554
 R   2 G  17    765     591.99     68.634
 R   2 G  18    762      592.7     61.307
 R   2 G  19    749     581.41     71.759
 R   2 G  20    746     590.13     63.754
 R   2 G  21    788     596.07     70.749
 R   2 G  22    755     593.14     62.685
 R   2 G  23    745     593.23     59.236
 R   2 G  24    745     595.57     57.915
 R   2 G  25    775     586.63     71.687
 R   2 G  26    767     587.59     72.901
 R   2 G  27    747     591.38     61.014
 R   2 G  28    773     596.19     66.891
 R   2 G  29    760     582.92     68.459
 R   2 G  30    752     590.03     62.516
 R   2 G  31    767     589.46     62.796
 R   2 G  32    786     591.56     59.073
 R   2 G  33    765     590.74     59.337
 R   2 G  34    755     590.45     63.462
 R   2 G  35    734     579.23     65.773
 R   2 G  36    774      597.4     62.141
 R   2 G  37    774     584.74     69.287
 R   2 G  38    767     592.48     61.603
 R   2 G  39    761     587.29     67.222
 R   2 G  40    754     590.57     65.293
 R   2 G  41    771     590.83     68.042
 R   2 G  42    765     593.27      62.79
 R   2 G  43    758     586.56      70.23
 R   2 G  44    740     592.56     57.586
 R   2 G  45    807     591.35      80.07
 R   2 G  46    781     592.11     69.185
 R   2 G  47    728     588.53     54.872
 R   2 G  48    776     584.52     78.943
 R   2 G  49    758     592.05     65.427
 R   2 G  50    791      590.6     70.629
 R   2 G  51    752     592.97     58.705
 R   2 G  52    778     593.43     72.159
 R   2 G  53    762     595.36     59.863
 R   2 G  54    777     586.15     80.447
 R   2 G  55    761     594.83      62.15
 R   2 G  56    764     588.24      71.56
 R   2 G  57    775     590.62     66.478
 R   2 G  58    752     590.12     66.743
 R   2 G  59    765     589.88      76.28
2     45          1          1          0          0          1          0          0          0          0          1          0          1          1          1          0          0          0          1          1          0          0          1          0          1          0          0          0          0          0          1          1          0          0          0          0          0          1          0          1          0          0          1          0          0          1          0          1          0          0          0          0          0          1          1          1          1          0          0          0          1          0          1          1          0   RawFitness
                 -1         -1          0          0         -1          0          0          0          0         -1          0         -1         -1         -1          0          0          0         -1         -1          0          0         -1          0         -1          0          0          0          0          0         -1         -1          0          0          0          0          0         -1          0         -1          0          0         -1          0          0         -1          0         -1          0          0          0          0          0         -1         -1         -1         -1          0          0          0         -1          0         -1         -1          0          807

 R   3 G   0    732     591.53     48.941
 R   3 G   1    731     589.09     65.863
 R   3 G   2    738     594.75     48.567
 R   3 G   3    775     591.94     56.519
 R   3 G   4    763     595.14     51.967
 R   3 G   5    785     591.35     69.605
 R   3 G   6    777     591.12     56.353
 R   3 G   7    758     594.96     60.412
 R   3 G   8    776     594.31     60.749
 R   3 G   9    774      599.3     64.798
 R   3 G  10    750     587.38     63.032
 R   3 G  11    757     595.18     56.737
 R   3 G  12    778     587.22     65.336
 R   3 G  13    767     600.81     63.253
 R   3 G  14    793     588.93     76.754
 R   3 G  15    762     595.54     64.147
 R   3 G  16    757     596.69     60.562
 R   3 G  17    742     590.44     57.739
 R   3 G  18    747     589.97     68.621
 R   3 G  19    790     599.47     69.333
 R   3 G  20    763     590.95     60.123
 R   3 G  21    794     599.93     68.064
 R   3 G  22    751     588.89     69.721
 R   3 G  23    792     595.89     73.809
 R   3 G  24    766     585.02       68.1
 R   3 G  25    777     591.54      65.61
 R   3 G  26    762     590.43     63.162
 R   3 G  27    757     593.77     70.242
 R   3 G  28    768     601.19      70.45
 R   3 G  29    737     583.62     59.947
 R   3 G  30    749     591.06     61.912
 R   3 G  31    784     592.69     74.069
 R   3 G  32    744     588.42     59.089
 R   3 G  33    761     585.03     75.034
 R   3 G  34    775     592.47     61.328
 R   3 G  35    762     595.92     66.517
 R   3 G  36    753     592.17     59.063
 R   3 G  37    747     591.26     59.295
 R   3 G  38    772     591.12     68.062
 R   3 G  39    784     593.66      70.44
 R   3 G  40    780     597.28     68.019
 R   3 G  41    773     585.86     75.466
 R   3 G  42    747     598.06     58.481
 R   3 G  43    760     594.81     60.428
 R   3 G  44    763     588.56     73.601
 R   3 G  45    736     590.11     54.549
 R   3 G  46    766     588.18     75.533
 R   3 G  47    774     599.67     64.315
 R   3 G  48    727     582.36     60.743
 R   3 G  49    742      590.4     57.202
 R   3 G  50    717     585.02     56.614
 R   3 G  51    768     593.13     67.125
 R   3 G  52    777     591.65     67.973
 R   3 G  53    751      592.9     54.935
 R   3 G  54    761     589.76     67.212
 R   3 G  55    788     592.36     74.473
 R   3 G  56    729     583.47     58.838
 R   3 G  57    753     598.58     61.455
 R   3 G  58    752     590.89     59.779
 R   3 G  59    769     590.06     71.646
3     21          0          0          0          1          1          0          0          0          0          0          0          0          1          0          0          1          0          1          1          1          1          0          1          0          1          1          1          1          1          0          0          0          0          1          0          1          1          1          1          1          0          0          0          1          0          1          0          1          0          0          0          1          0          1          1          1          1          1          1          1          0          1          1          1   RawFitness
                  0          0          0         -1         -1          0          0          0          0          0          0          0         -1          0          0         -1          0         -1         -1         -1         -1          0         -1          0         -1         -1         -1         -1         -1          0          0          0          0         -1          0         -1         -1         -1         -1         -1          0          0          0         -1          0         -1          0         -1          0          0          0         -1          0         -1         -1         -1         -1         -1         -1         -1          0         -1         -1         -1          794

 R   4 G   0    758     589.77     45.629
 R   4 G   1    727     596.59     47.538
 R   4 G   2    719     585.85     51.401
 R   4 G   3    752      589.7     58.001
 R   4 G   4    764     590.11     51.474
 R   4 G   5    764     584.29     56.078
 R   4 G   6    764     590.27     68.966
 R   4 G   7    776     591.55     59.662
 R   4 G   8    752     593.51     59.732
 R   4 G   9    800     588.37     60.849
 R   4 G  10    764     591.69      61.15
 R   4 G  11    782     588.17     65.614
 R   4 G  12    760      594.6     64.823
 R   4 G  13    786      587.6     80.512
 R   4 G  14    751     590.72     54.518
 R   4 G  15    775     587.41     65.168
 R   4 G  16    776     587.95      65.07
 R   4 G  17    757     590.04     60.111
 R   4 G  18    749     576.81     74.284
 R   4 G  19    751      591.8     55.089
 R   4 G  20    744     587.93     68.217
 R   4 G  21    783     593.04     67.443
 R   4 G  22    743     586.26     59.729
 R   4 G  23    771     589.91     62.916
 R   4 G  24    727     582.19     63.099
 R   4 G  25    762     593.75     55.674
 R   4 G  26    755     588.21     60.834
 R   4 G  27    768     591.98     67.125
 R   4 G  28    777     593.12     63.477
 R   4 G  29    729     588.48     54.953
 R   4 G  30    758     587.39     59.054
 R   4 G  31    760     593.43     60.542
 R   4 G  32    756     585.05     67.393
 R   4 G  33    773     587.53      64.34
 R   4 G  34    783     585.85     71.757
 R   4 G  35    787      595.0     65.532
 R   4 G  36    792     591.48     77.874
 R   4 G  37    750     586.06     65.963
 R   4 G  38    773     585.68     70.567
 R   4 G  39    754     585.15     68.803
 R   4 G  40    815      592.8     77.866
 R   4 G  41    761     588.81     58.752
 R   4 G  42    811     591.43     73.885
 R   4 G  43    747     587.84     51.852
 R   4 G  44    776      590.9     74.152
 R   4 G  45    759     591.16     61.861
 R   4 G  46    782     591.85     70.361
 R   4 G  47    786      594.7     71.806
 R   4 G  48    748     585.88     61.221
 R   4 G  49    762     587.59     66.706
 R   4 G  50    746     583.76     63.191
 R   4 G  51    756     588.89     63.135
 R   4 G  52    761     590.85     59.635
 R   4 G  53    772     584.46     74.024
 R   4 G  54    775     591.68     66.041
 R   4 G  55    749     590.05     70.306
 R   4 G  56    762     592.53     63.658
 R   4 G  57    769     598.16     65.345
 R   4 G  58    763     586.79     63.724
 R   4 G  59    772      590.8     65.559
4     40          0          1          0          1          1          0          1          0          0          1          0          0          1          0          1          0          1          1          1          0          1          0          0          1          1          0          0          0          0          0          1          1          0          1          0          1          0          1          0          1          0          1          0          0          0          0          0          0          0          1          0          0          1          1          1          1          1          1          1          0          1          0          0          0   RawFitness
                  0         -1          0         -1         -1          0         -1          0          0         -1          0          0         -1          0         -1          0         -1         -1         -1          0         -1          0          0         -1         -1          0          0          0          0          0         -1         -1          0         -1          0         -1          0         -1          0         -1          0         -1          0          0          0          0          0          0          0         -1          0          0         -1         -1         -1         -1         -1         -1         -1          0         -1          0          0          0          815

 R   5 G   0    746     591.04     54.649
 R   5 G   1    729     590.72     53.979
 R   5 G   2    752     584.63     67.614
 R   5 G   3    745     591.99     54.476
 R   5 G   4    745     594.83     54.586
 R   5 G   5    742     585.08     57.168
 R   5 G   6    736      587.9     47.892
 R   5 G   7    770     587.32      66.31
 R   5 G   8    780     600.72     59.749
 R   5 G   9    731     585.67     58.451
 R   5 G  10    774     595.36     65.111
 R   5 G  11    738     584.95     54.751
 R   5 G  12    778     589.06      77.45
 R   5 G  13    727     588.25     51.579
 R   5 G  14    769     595.27     65.639
 R   5 G  15    765     588.13     62.409
 R   5 G  16    770     593.98     64.151
 R   5 G  17    775     590.38     64.714
 R   5 G  18    762     584.07     71.369
 R   5 G  19    762     593.17     68.009
 R   5 G  20    771     589.57     73.117
 R   5 G  21    749     586.52     60.756
 R   5 G  22    753     590.83     62.786
 R   5 G  23    730      587.4     62.626
 R   5 G  24    801     588.43     74.248
 R   5 G  25    714     586.78     55.692
 R   5 G  26    760     598.39     60.245
 R   5 G  27    760     584.69     78.796
 R   5 G  28    793     596.49     75.575
 R   5 G  29    733     584.47     59.774
 R   5 G  30    787     591.17     83.427
 R   5 G  31    772     593.45     61.523
 R   5 G  32    771     591.92      66.11
 R   5 G  33    765     593.63      66.65
 R   5 G  34    772     594.03     63.814
 R   5 G  35    752     589.99     63.624
 R   5 G  36    805     592.13     80.083
 R   5 G  37    777     593.85     71.546
 R   5 G  38    786     589.56     75.682
 R   5 G  39    758     593.19     64.433
 R   5 G  40    760     586.37     71.145
 R   5 G  41    790      590.0     77.709
 R   5 G  42    767     589.07      68.94
 R   5 G  43    775     587.49     75.574
 R   5 G  44    779     590.09     72.721
 R   5 G  45    723     582.58     57.981
 R   5 G  46    754     589.31     69.938
 R   5 G  47    746     590.23     59.793
 R   5 G  48    755     594.74     62.838
 R   5 G  49    802     590.61     67.895
 R   5 G  50    722     586.98     56.605
 R   5 G  51    777     592.84     63.255
 R   5 G  52    728     587.36     64.649
 R   5 G  53    787     591.46     71.184
 R   5 G  54    759     589.92     64.045
 R   5 G  55    760     587.62     68.722
 R   5 G  56    754     590.98     63.224
 R   5 G  57    737     590.15     62.877
 R   5 G  58    767     585.52     64.728
 R   5 G  59    722     583.36     55.084
5     36          0          0          0          0          1          1          1          0          0          1          0          1          1          0          1          0          0          0          0          1          1          0          0          1          0          1          1          1          1          1          1          0          0          0          0          1          1          0          0          1          0          1          0          1          0          1          1          1          1          1          1          0          1          0          0          1          0          1          0          0          0          1          0          0   RawFitness
                  0          0          0          0         -1         -1         -1          0          0         -1          0         -1         -1          0         -1          0          0          0          0         -1         -1          0          0         -1          0         -1         -1         -1         -1         -1         -1          0          0          0          0         -1         -1          0          0         -1          0         -1          0         -1          0         -1         -1         -1         -1         -1         -1          0         -1          0          0         -1          0         -1          0          0          0         -1          0          0          805

 R   6 G   0    755     590.13     63.256
 R   6 G   1    744     593.56     53.768
 R   6 G   2    757      588.3     53.718
 R   6 G   3    758     591.28     62.113
 R   6 G   4    796     595.91     55.493
 R   6 G   5    715     585.24     55.801
 R   6 G   6    794     591.07     66.698
 R   6 G   7    749      587.8     60.816
 R   6 G   8    782     589.85     75.317
 R   6 G   9    735     591.19     55.583
 R   6 G  10    784     584.51     73.952
 R   6 G  11    738     588.07     57.057
 R   6 G  12    755      589.9     66.007
 R   6 G  13    762     590.86     65.406
 R   6 G  14    750     585.34     61.442
 R   6 G  15    753     592.39     65.122
 R   6 G  16    806     592.65     81.983
 R   6 G  17    755     590.13      63.03
 R   6 G  18    780     591.81      56.14
 R   6 G  19    790     592.97     69.719
 R   6 G  20    754     592.96     67.694
 R   6 G  21    750     585.02       73.9
 R   6 G  22    754     594.86     60.773
 R   6 G  23    777     589.24     82.184
 R   6 G  24    751     594.84     57.225
 R   6 G  25    784     585.98     80.734
 R   6 G  26    776     596.44     62.005
 R   6 G  27    781     581.61     80.227
 R   6 G  28    755      593.0     63.678
 R   6 G  29    732     585.64     57.415
 R   6 G  30    765     591.68     69.121
 R   6 G  31    747      593.8     65.303
 R   6 G  32    762     592.61     65.642
 R   6 G  33    762     592.76     62.469
 R   6 G  34    739     588.35     64.842
 R   6 G  35    770     590.66     65.393
 R   6 G  36    746     586.85     62.856
 R   6 G  37    804     596.58     71.052
 R   6 G  38    763     593.65     64.329
 R   6 G  39    720     585.01     63.253
 R   6 G  40    767     594.77     66.212
 R   6 G  41    749      585.5     67.561
 R   6 G  42    773      590.0     68.944
 R   6 G  43    749     583.92     63.999
 R   6 G  44    775     596.65     67.216
 R   6 G  45    766     586.66     72.218
 R   6 G  46    771     588.07     74.244
 R   6 G  47    775     589.81     71.568
 R   6 G  48    772     586.11     70.678
 R   6 G  49    756     591.08     64.187
 R   6 G  50    771      583.7     68.128
 R   6 G  51    750     594.71     56.911
 R   6 G  52    784     589.01     69.292
 R   6 G  53    770     584.42     68.482
 R   6 G  54    782     589.49     75.876
 R   6 G  55    771     587.99     80.839
 R   6 G  56    750     594.15     54.677
 R   6 G  57    773     584.74     72.572
 R   6 G  58    778     591.58     66.075
 R   6 G  59    795     594.67     72.888
6     16          0          1          0          1          0          1          1          0          0          0          0          0          1          0          0          0          0          0          1          0          0          1          1          1          0          1          1          1          0          0          1          1          0          0          0          0          0          0          0          1          0          0          0          0          0          1          0          0          1          0          1          1          1          1          0          1          1          1          1          0          1          0          0          1   RawFitness
                  0         -1          0         -1          0         -1         -1          0          0          0          0          0         -1          0          0          0          0          0         -1          0          0         -1         -1         -1          0         -1         -1         -1          0          0         -1         -1          0          0          0          0          0          0          0         -1          0          0          0          0          0         -1          0          0         -1          0         -1         -1         -1         -1          0         -1         -1         -1         -1          0         -1          0          0         -1          806

 R   7 G   0    693     596.66     44.058
 R   7 G   1    661     584.23     44.959
 R   7 G   2    708     588.33     45.316
 R   7 G   3    707     593.67     47.098
 R   7 G   4    747     584.52     51.846
 R   7 G   5    730      594.3     43.943
 R   7 G   6    745     591.49     61.093
 R   7 G   7    710     584.78     46.133
 R   7 G   8    763     592.87     54.371
 R   7 G   9    744     583.97     51.032
 R   7 G  10    754     597.36     52.717
 R   7 G  11    734     584.54     50.525
 R   7 G  12    775     587.79     64.563
 R   7 G  13    767     592.94     60.664
 R   7 G  14    772     587.67     58.017
 R   7 G  15    756     593.87     68.502
 R   7 G  16    770     585.89      64.92
 R   7 G  17    764     597.33     58.445
 R   7 G  18    751     592.98     59.157
 R   7 G  19    731     587.04     58.093
 R   7 G  20    771     592.19     64.426
 R   7 G  21    771     585.91     66.365
 R   7 G  22    748     592.03     62.149
 R   7 G  23    781     591.15     65.294
 R   7 G  24    740     594.49     52.255
 R   7 G  25    753     590.18     62.103
 R   7 G  26    775     592.97     69.917
 R   7 G  27    741     590.34     61.736
 R   7 G  28    734     590.82     62.569
 R   7 G  29    752     587.21     64.813
 R   7 G  30    747     595.16     60.026
 R   7 G  31    759     587.53     67.994
 R   7 G  32    784     594.46     71.252
 R   7 G  33    765      581.4     72.519
 R   7 G  34    764     593.84     59.784
 R   7 G  35    783     591.27     72.016
 R   7 G  36    758     592.33     59.863
 R   7 G  37    773     588.19     69.842
 R   7 G  38    754     588.56     62.127
 R   7 G  39    753     585.46     63.194
 R   7 G  40    772     598.56     68.705
 R   7 G  41    755     594.23     57.351
 R   7 G  42    758     597.71     62.236
 R   7 G  43    736     584.83     64.727
 R   7 G  44    745     594.66     59.207
 R   7 G  45    734     590.61     57.648
 R   7 G  46    797     592.34     80.628
 R   7 G  47    739     588.79     58.957
 R   7 G  48    790     588.39     68.824
 R   7 G  49    735     584.34     70.004
 R   7 G  50    742     586.58     55.751
 R   7 G  51    779     593.22     74.804
 R   7 G  52    734     586.87     58.015
 R   7 G  53    777     591.02     67.649
 R   7 G  54    726     589.21     51.517
 R   7 G  55    745     582.02     70.218
 R   7 G  56    774     594.58     63.675
 R   7 G  57    732     580.78     54.729
 R   7 G  58    754     589.51     55.308
 R   7 G  59    799      598.0     72.911
7     59          0          0          0          1          1          1          1          1          0          0          0          1          0          0          1          0          0          1          1          1          0          0          0          0          0          0          1          0          1          0          1          1          0          1          0          0          1          0          1          1          0          0          0          1          0          1          1          1          1          0          0          1          0          0          0          1          1          1          1          1          0          0          1          0   RawFitness
                  0          0          0         -1         -1         -1         -1         -1          0          0          0         -1          0          0         -1          0          0         -1         -1         -1          0          0          0          0          0          0         -1          0         -1          0         -1         -1          0         -1          0          0         -1          0         -1         -1          0          0          0         -1          0         -1         -1         -1         -1          0          0         -1          0          0          0         -1         -1         -1         -1         -1          0          0         -1          0          799

 R   8 G   0    767     590.07      53.66
 R   8 G   1    751     588.26     61.636
 R   8 G   2    706     592.09     43.359
 R   8 G   3    713      585.1     68.045
 R   8 G   4    733     592.14     53.834
 R   8 G   5    720      588.5     63.635
 R   8 G   6    735     586.33     55.565
 R   8 G   7    793     591.09       67.5
 R   8 G   8    748     585.62     57.705
 R   8 G   9    716     592.77     42.968
 R   8 G  10    772     586.67     71.142
 R   8 G  11    753     596.32     51.428
 R   8 G  12    751     590.67     58.294
 R   8 G  13    765     591.53     56.684
 R   8 G  14    758     591.25     63.429
 R   8 G  15    729     591.61     48.108
 R   8 G  16    761     590.35     65.057
 R   8 G  17    788     594.24     64.368
 R   8 G  18    744     594.19     63.288
 R   8 G  19    757     588.08     60.974
 R   8 G  20    754     587.65     59.567
 R   8 G  21    782     590.26     69.722
 R   8 G  22    743     583.44     63.612
 R   8 G  23    764     588.76     63.155
 R   8 G  24    772     591.82      64.65
 R   8 G  25    757     588.97      70.69
 R   8 G  26    783     588.83     66.922
 R   8 G  27    769     591.61     66.398
 R   8 G  28    783     596.49     72.749
 R   8 G  29    733      586.7     56.642
 R   8 G  30    785     595.33     71.709
 R   8 G  31    767     596.51     62.501
 R   8 G  32    790     595.74     79.739
 R   8 G  33    798     593.57     82.516
 R   8 G  34    748     586.15     64.351
 R   8 G  35    778     587.17     70.343
 R   8 G  36    770     598.17     56.914
 R   8 G  37    755     582.26     62.477
 R   8 G  38    768      597.9     62.191
 R   8 G  39    777     583.21     73.065
 R   8 G  40    753     593.25     57.491
 R   8 G  41    768     589.33     72.492
 R   8 G  42    776     590.77     75.341
 R   8 G  43    755     593.95     63.263
 R   8 G  44    787     589.66     75.804
 R   8 G  45    752      591.9     50.168
 R   8 G  46    788     587.63     74.516
 R   8 G  47    732     597.51     50.875
 R   8 G  48    747     580.62     73.668
 R   8 G  49    768     593.35     62.206
 R   8 G  50    749     587.84     57.084
 R   8 G  51    765     590.01     64.271
 R   8 G  52    755     587.09      68.71
 R   8 G  53    744     590.78     57.793
 R   8 G  54    787     581.97     75.762
 R   8 G  55    749     593.97     56.153
 R   8 G  56    776     588.03     72.173
 R   8 G  57    736     587.13     57.816
 R   8 G  58    779     587.84     67.575
 R   8 G  59    745     588.25     62.807
8     33          0          1          0          0          1          1          1          1          0          0          0          0          1          1          1          1          1          0          0          1          0          1          1          1          0          1          0          1          1          0          1          1          0          0          0          0          1          0          0          0          0          0          0          0          0          0          1          1          1          1          1          0          1          0          0          1          1          0          0          0          0          0          0          0   RawFitness
                  0         -1          0          0         -1         -1         -1         -1          0          0          0          0         -1         -1         -1         -1         -1          0          0         -1          0         -1         -1         -1          0         -1          0         -1         -1          0         -1         -1          0          0          0          0         -1          0          0          0          0          0          0          0          0          0         -1         -1         -1         -1         -1          0         -1          0          0         -1         -1          0          0          0          0          0          0          0          798

 R   9 G   0    707     591.42     47.813
 R   9 G   1    712     584.34      55.42
 R   9 G   2    742     596.22     52.539
 R   9 G   3    728     581.93     62.396
 R   9 G   4    782     590.11     64.577
 R   9 G   5    743     587.23     53.768
 R   9 G   6    798     591.86     73.993
 R   9 G   7    744      587.9     53.931
 R   9 G   8    766     587.92     73.819
 R   9 G   9    773     589.29     60.109
 R   9 G  10    768     585.66     60.461
 R   9 G  11    752     598.65     56.665
 R   9 G  12    790     589.84     72.319
 R   9 G  13    741     588.41     67.384
 R   9 G  14    774     592.07     67.901
 R   9 G  15    755     592.41     67.186
 R   9 G  16    766      595.5     59.362
 R   9 G  17    780     592.11     62.544
 R   9 G  18    767     589.17     57.723
 R   9 G  19    737     597.99     50.769
 R   9 G  20    759     590.12      65.37
 R   9 G  21    750     591.06     64.089
 R   9 G  22    735     585.09     62.711
 R   9 G  23    751     592.49     57.735
 R   9 G  24    797     587.96     74.808
 R   9 G  25    764     589.44      61.68
 R   9 G  26    761     591.26     69.739
 R   9 G  27    774     594.48     65.589
 R   9 G  28    713     581.65     46.665
 R   9 G  29    752     593.45     59.056
 R   9 G  30    751      583.0     68.413
 R   9 G  31    758     594.05     61.157
 R   9 G  32    765     593.25       64.7
 R   9 G  33    723     585.61     60.038
 R   9 G  34    789     593.38     76.594
 R   9 G  35    760     592.48     63.369
 R   9 G  36    765     585.45     65.303
 R   9 G  37    748     588.28     61.506
 R   9 G  38    723     587.68     55.599
 R   9 G  39    788     589.76      68.92
 R   9 G  40    748     585.76     63.465
 R   9 G  41    744     592.28     57.819
 R   9 G  42    773     588.16      72.82
 R   9 G  43    770      600.4     60.503
 R   9 G  44    760     588.63     72.044
 R   9 G  45    764     590.13     62.086
 R   9 G  46    779     589.61     68.408
 R   9 G  47    752     587.17     61.779
 R   9 G  48    756     583.07     65.502
 R   9 G  49    748     589.03      62.87
 R   9 G  50    803     595.98     72.215
 R   9 G  51    771     587.01     73.466
 R   9 G  52    767     599.02     63.363
 R   9 G  53    764     584.52     65.912
 R   9 G  54    749     591.43     58.342
 R   9 G  55    772     590.02     70.732
 R   9 G  56    746      581.9     62.921
 R   9 G  57    776     598.65     69.727
 R   9 G  58    749     590.96     58.788
 R   9 G  59    761     590.47     65.312
9     50          0          1          0          1          1          1          1          0          0          1          0          1          1          1          1          1          0          1          0          0          0          0          1          1          0          1          1          1          0          1          0          1          0          1          0          0          1          0          1          1          0          0          0          0          0          0          0          0          0          0          0          0          0          0          1          0          1          0          1          0          1          0          0          1   RawFitness
                  0         -1          0         -1         -1         -1         -1          0          0         -1          0         -1         -1         -1         -1         -1          0         -1          0          0          0          0         -1         -1          0         -1         -1         -1          0         -1          0         -1          0         -1          0          0         -1          0         -1         -1          0          0          0          0          0          0          0          0          0          0          0          0          0          0         -1          0         -1          0         -1          0         -1          0          0         -1          803

 R  10 G   0    765     592.48       52.6
 R  10 G   1    771     591.57      59.92
 R  10 G   2    755     590.49     52.915
 R  10 G   3    760     596.44     50.185
 R  10 G   4    738     587.68     58.063
 R  10 G   5    735     585.75     54.983
 R  10 G   6    707     588.02     50.124
 R  10 G   7    759     593.89     54.747
 R  10 G   8    739     585.15     53.816
 R  10 G   9    807     588.28     73.904
 R  10 G  10    727      594.1     51.198
 R  10 G  11    778     593.27     66.561
 R  10 G  12    759     588.08     58.034
 R  10 G  13    772     588.64     61.487
 R  10 G  14    729     595.01     58.899
 R  10 G  15    776     592.54     65.586
 R  10 G  16    739     590.27     64.394
 R  10 G  17    783     587.22     71.878
 R  10 G  18    730     593.94     56.583
 R  10 G  19    750     588.36     61.178
 R  10 G  20    735     591.35     54.385
 R  10 G  21    759     582.53     71.673
 R  10 G  22    748     597.28     53.646
 R  10 G  23    751     587.64     66.752
 R  10 G  24    789      598.8     75.768
 R  10 G  25    749     594.74     53.616
 R  10 G  26    772     593.43     61.649
 R  10 G  27    747     590.31     63.308
 R  10 G  28    762     593.34     60.831
 R  10 G  29    734     587.23     60.062
 R  10 G  30    749     592.47      58.84
 R  10 G  31    760     593.58     60.593
 R  10 G  32    749      586.4     60.453
 R  10 G  33    755      591.1     68.505
 R  10 G  34    778     596.88     69.085
 R  10 G  35    763      591.4     68.699
 R  10 G  36    761     596.02       64.0
 R  10 G  37    755     590.46     57.922
 R  10 G  38    733     587.69     53.377
 R  10 G  39    784     599.23     71.308
 R  10 G  40    749     590.13     61.879
 R  10 G  41    781     594.14     70.428
 R  10 G  42    746     589.91     63.747
 R  10 G  43    787     593.07      68.61
 R  10 G  44    775     595.11     63.453
 R  10 G  45    763     587.37     76.332
 R  10 G  46    768     594.62     63.966
 R  10 G  47    709     586.45     54.946
 R  10 G  48    773     593.29     68.141
 R  10 G  49    761     588.69     68.393
 R  10 G  50    770      596.0     64.258
 R  10 G  51    757     588.18     67.689
 R  10 G  52    767     595.16     61.954
 R  10 G  53    784     598.65     67.571
 R  10 G  54    747     586.59     61.646
 R  10 G  55    758      586.5     66.556
 R  10 G  56    743     594.47      52.21
 R  10 G  57    746     582.36     60.773
 R  10 G  58    785     595.83     67.891
 R  10 G  59    754     588.03     67.917
10     9          0          0          0          0          1          1          0          1          0          0          0          1          0          0          1          0          1          0          0          1          1          0          0          1          1          0          1          1          1          0          0          0          0          0          0          1          0          1          1          1          0          1          0          1          0          0          0          0          0          1          0          0          0          0          0          1          1          0          1          1          1          1          0          0   RawFitness
                  0          0          0          0         -1         -1          0         -1          0          0          0         -1          0          0         -1          0         -1          0          0         -1         -1          0          0         -1         -1          0         -1         -1         -1          0          0          0          0          0          0         -1          0         -1         -1         -1          0         -1          0         -1          0          0          0          0          0         -1          0          0          0          0          0         -1         -1          0         -1         -1         -1         -1          0          0          807

B                 0          1          0          1          1          0          1          0          0          1          0          0          1          0          1          0          1          1          1          0          1          0          0          1          1          0          0          0          0          0          1          1          0          1          0          1          0          1          0          1          0          1          0          0          0          0          0          0          0          1          0          0          1          1          1          1          1          1          1          0          1          0          0          0   RawFitness
                  0         -1          0         -1         -1          0         -1          0          0         -1          0          0         -1          0         -1          0         -1         -1         -1          0         -1          0          0         -1         -1          0          0          0          0          0         -1         -1          0         -1          0         -1          0         -1          0         -1          0         -1          0          0          0          0          0          0          0         -1          0          0         -1         -1         -1         -1         -1         -1         -1          0         -1          0          0          0          815

Gen                 AvgFit              BestFit 
0              591.95              744.5               
1              590.38              733.6               
2              590.72              744.6               
3              590.93              743.0               
4              591.22              754.5               
5              588.35              750.9               
6              590.65              757.6               
7              589.4               762.2               
8              590.03              759.9               
9              589.71              764.1               
10             590.88              758.1               
11             591.66              758.5               
12             589.13              766.2               
13             589.84              760.4               
14             590.87              762.6               
15             590.77              755.6               
16             590.15              764.5               
17             591.6               766.4               
18             589.34              756.6               
19             590.67              760.2               
20             589.68              756.8               
21             590.34              770.1               
22             589.8               749.4               
23             590.16              762.7               
24             590.84              766.1               
25             589.67              761.3               
26             591.43              766.3               
27             590.48              759.7               
28             593.24              761.8               
29             587.08              743.4               
30             590.29              758.1               
31             592.29              764.5               
32             589.9               767.0               
33             589.19              764.2               
34             591.16              765.7               
35             590.49              764.1               
36             592.45              770.4               
37             588.74              767.0               
38             589.71              757.5               
39             589.26              766.9               
40             591.8               766.3               
41             590.78              765.8               
42             591.4               766.4               
43             590.07              759.3               
44             591.44              767.0               
45             588.97              753.7               
46             591.21              776.2               
47             591.66              752.5               
48             587.85              763.6               
49             589.4               762.4               
50             589.15              758.7               
51             591.17              764.6               
52             590.67              760.4               
53             590.35              767.5               
54             588.42              761.1               
55             589.88              762.1               
56             589.75              757.6               
57             590.41              758.6               
58             589.05              759.9               
59             590.67              768.3               

