Experiment ID                :  IPDGoldbeck
Problem Type                 :  IPDGoldbeck
Data Input File Name         :  NA
Number of Runs               :  10
Generations per Run          :  60
Population Size              :  100
Selection Method             :  4
Fitness Scaling Type         :  2
Min or Max Fitness           :  max
Crossover Type               :  3
Crossover Rate               :  0.8
Mutation Type                :  1
Mutation Rate                :  0.05
Random Number Seed           :  75982
Number of Genes/Points       :  64
Size of Genes                :  1


 R   1 G   0    732     596.09     41.752
 R   1 G   1    726     587.05     43.015
 R   1 G   2    723      567.6     57.863
 R   1 G   3    679     559.09     64.813
 R   1 G   4    647     548.46     54.577
 R   1 G   5    646     543.31     62.618
 R   1 G   6    654     552.76     83.132
 R   1 G   7    663     564.61     79.519
 R   1 G   8    667     557.38     82.137
 R   1 G   9    626     555.54     66.083
 R   1 G  10    631     540.51     70.754
 R   1 G  11    613     534.36     60.981
 R   1 G  12    590      530.7     55.736
 R   1 G  13    618     531.43     58.554
 R   1 G  14    609     533.02     57.369
 R   1 G  15    598     529.34     50.839
 R   1 G  16    593     529.13     50.699
 R   1 G  17    587     527.39     49.974
 R   1 G  18    592     517.56     37.107
 R   1 G  19    573     524.72     32.376
 R   1 G  20    601     534.27     53.324
 R   1 G  21    598     531.63     49.222
 R   1 G  22    585     527.83     52.497
 R   1 G  23    573     520.63     39.373
 R   1 G  24    547     514.41     23.019
 R   1 G  25    583     521.94     30.533
 R   1 G  26    565     523.91     36.132
 R   1 G  27    557     511.99     35.388
 R   1 G  28    541     509.22     22.949
 R   1 G  29    565     518.95     18.645
 R   1 G  30    577     537.88     25.027
 R   1 G  31    590     556.97     24.194
 R   1 G  32    600     559.35     29.927
 R   1 G  33    612     564.42     33.762
 R   1 G  34    608     565.06     38.877
 R   1 G  35    616     568.78     34.062
 R   1 G  36    620     570.39      33.77
 R   1 G  37    619     569.41     39.685
 R   1 G  38    597     567.58     23.113
 R   1 G  39    607     572.75     31.034
 R   1 G  40    611     581.21     24.012
 R   1 G  41    606      580.2     18.744
 R   1 G  42    606     575.46     22.838
 R   1 G  43    605     579.27     17.831
 R   1 G  44    609     579.93      19.59
 R   1 G  45    612     583.56     19.887
 R   1 G  46    638     592.45     20.408
 R   1 G  47    635     605.01     19.856
 R   1 G  48    687     635.35     19.287
 R   1 G  49    690     646.91     20.777
 R   1 G  50    712     667.23     22.104
 R   1 G  51    712     674.89     24.591
 R   1 G  52    720     686.78     24.276
 R   1 G  53    733     703.57      23.18
 R   1 G  54    734      708.8      19.96
 R   1 G  55    737     718.68     17.795
 R   1 G  56    734      713.9      21.98
 R   1 G  57    738     712.88     17.517
 R   1 G  58    731     707.57     18.315
 R   1 G  59    734     709.74     21.319
1     57          1          0          1          0          0          1          1          1          1          1          1          1          0          1          1          1          0          1          1          1          0          0          0          0          1          0          0          1          1          1          0          1          0          0          1          0          0          1          0          1          1          1          1          0          0          0          1          1          0          0          1          0          1          0          1          1          1          0          0          0          1          0          1          1   RawFitness
                 -1          0         -1          0          0         -1         -1         -1         -1         -1         -1         -1          0         -1         -1         -1          0         -1         -1         -1          0          0          0          0         -1          0          0         -1         -1         -1          0         -1          0          0         -1          0          0         -1          0         -1         -1         -1         -1          0          0          0         -1         -1          0          0         -1          0         -1          0         -1         -1         -1          0          0          0         -1          0         -1         -1          738

 R   2 G   0    746     596.53     45.039
 R   2 G   1    741     591.57     51.551
 R   2 G   2    748     574.09      57.76
 R   2 G   3    741     559.27     79.025
 R   2 G   4    687     557.72     75.093
 R   2 G   5    638     540.91     56.319
 R   2 G   6    601     542.45     35.391
 R   2 G   7    616     548.22     47.286
 R   2 G   8    622      546.9     57.178
 R   2 G   9    615     538.48     47.317
 R   2 G  10    618     549.02     59.253
 R   2 G  11    612     545.22      54.17
 R   2 G  12    614     543.02     63.317
 R   2 G  13    616     549.23     51.433
 R   2 G  14    609     538.49     62.491
 R   2 G  15    597     526.22      69.63
 R   2 G  16    606     536.27     62.995
 R   2 G  17    615     533.96     57.289
 R   2 G  18    638     545.19     71.674
 R   2 G  19    636     545.72     60.481
 R   2 G  20    637     544.19     66.234
 R   2 G  21    600     539.76     53.841
 R   2 G  22    646     553.75     69.664
 R   2 G  23    687     572.23    101.103
 R   2 G  24    667     568.56     74.188
 R   2 G  25    644     562.39     64.045
 R   2 G  26    658     566.45     77.831
 R   2 G  27    636     554.66     67.124
 R   2 G  28    651     555.52     69.821
 R   2 G  29    619     543.71     50.974
 R   2 G  30    654     547.03     70.918
 R   2 G  31    637      552.0      77.41
 R   2 G  32    617     545.92     57.828
 R   2 G  33    609     536.15     74.601
 R   2 G  34    602     540.02     53.208
 R   2 G  35    605      538.2     62.695
 R   2 G  36    610     527.72     64.155
 R   2 G  37    593     521.36     47.073
 R   2 G  38    598      538.8      45.33
 R   2 G  39    612     535.62     58.063
 R   2 G  40    575     528.27     45.767
 R   2 G  41    579     521.27     28.317
 R   2 G  42    587     538.99     35.202
 R   2 G  43    630     547.34     65.829
 R   2 G  44    588     528.83     38.364
 R   2 G  45    596     540.71     42.112
 R   2 G  46    641     566.15     67.114
 R   2 G  47    628     557.56     54.087
 R   2 G  48    651     565.92     68.095
 R   2 G  49    654     571.57     59.625
 R   2 G  50    640     555.96     62.318
 R   2 G  51    623     549.75     58.912
 R   2 G  52    616     541.95     60.874
 R   2 G  53    630     547.48      59.16
 R   2 G  54    655     561.21     65.625
 R   2 G  55    615     545.51     57.937
 R   2 G  56    607     540.15       49.6
 R   2 G  57    622     547.56     49.158
 R   2 G  58    613     543.47     59.544
 R   2 G  59    592      541.0     45.206
2      2          0          0          0          1          0          0          1          0          0          1          0          1          0          1          1          1          1          0          1          0          0          0          0          1          1          0          1          1          1          0          1          1          0          0          0          0          0          1          0          1          0          1          0          0          1          0          0          1          0          0          0          0          0          0          0          1          1          1          0          1          0          1          1          1   RawFitness
                  0          0          0         -1          0          0         -1          0          0         -1          0         -1          0         -1         -1         -1         -1          0         -1          0          0          0          0         -1         -1          0         -1         -1         -1          0         -1         -1          0          0          0          0          0         -1          0         -1          0         -1          0          0         -1          0          0         -1          0          0          0          0          0          0          0         -1         -1         -1          0         -1          0         -1         -1         -1          748

 R   3 G   0    732     583.57     49.456
 R   3 G   1    711     576.37     57.849
 R   3 G   2    682     576.07     60.274
 R   3 G   3    680     571.39     56.214
 R   3 G   4    667     575.13     65.164
 R   3 G   5    656     576.13      60.85
 R   3 G   6    677     579.68     77.241
 R   3 G   7    673     581.91     82.388
 R   3 G   8    676     585.51     74.959
 R   3 G   9    684     577.47      72.87
 R   3 G  10    663     573.72     62.619
 R   3 G  11    673     577.69     75.163
 R   3 G  12    662     568.26     74.617
 R   3 G  13    615     550.12     56.074
 R   3 G  14    621     556.25     47.406
 R   3 G  15    629     553.13     60.588
 R   3 G  16    630     555.06     52.376
 R   3 G  17    628     552.36     57.413
 R   3 G  18    604     543.95     48.138
 R   3 G  19    600     539.14     55.502
 R   3 G  20    597     535.36     47.066
 R   3 G  21    594     533.81     41.067
 R   3 G  22    615     546.18     49.197
 R   3 G  23    591     530.72     36.242
 R   3 G  24    592     526.87     44.151
 R   3 G  25    593      532.2     55.582
 R   3 G  26    588     523.95     52.517
 R   3 G  27    576     515.03     48.872
 R   3 G  28    563     513.13     30.191
 R   3 G  29    573      521.5     33.541
 R   3 G  30    570     525.39     37.407
 R   3 G  31    569     528.77     36.981
 R   3 G  32    597     534.62     42.303
 R   3 G  33    582      526.6     28.227
 R   3 G  34    588     531.17      41.35
 R   3 G  35    555     510.87      27.22
 R   3 G  36    553     509.01     25.493
 R   3 G  37    586     524.46     26.981
 R   3 G  38    608     543.76     26.408
 R   3 G  39    625     555.07     28.883
 R   3 G  40    640      574.0     39.939
 R   3 G  41    661     581.19     42.754
 R   3 G  42    670     577.71     42.078
 R   3 G  43    628     567.04     42.037
 R   3 G  44    625     557.97     45.243
 R   3 G  45    611     552.84     40.564
 R   3 G  46    596     548.39     33.435
 R   3 G  47    595     548.58     42.654
 R   3 G  48    599     548.39       43.7
 R   3 G  49    596     550.09     39.771
 R   3 G  50    596     544.76     35.522
 R   3 G  51    601     544.96     31.963
 R   3 G  52    645     575.17     36.889
 R   3 G  53    672     606.51     43.287
 R   3 G  54    708     638.77     49.084
 R   3 G  55    729     667.37     48.441
 R   3 G  56    726     668.96     49.583
 R   3 G  57    730     672.58     48.915
 R   3 G  58    733     685.28     37.455
 R   3 G  59    740     689.28     41.805
3     59          0          0          0          0          0          1          0          0          1          0          0          0          1          0          1          1          0          0          0          1          1          0          1          1          1          1          0          0          0          0          1          0          1          0          1          1          1          0          0          1          1          0          0          1          0          1          1          1          0          1          0          1          1          0          0          1          0          0          1          1          1          0          1          1   RawFitness
                  0          0          0          0          0         -1          0          0         -1          0          0          0         -1          0         -1         -1          0          0          0         -1         -1          0         -1         -1         -1         -1          0          0          0          0         -1          0         -1          0         -1         -1         -1          0          0         -1         -1          0          0         -1          0         -1         -1         -1          0         -1          0         -1         -1          0          0         -1          0          0         -1         -1         -1          0         -1         -1          740

 R   4 G   0    699     594.24     35.468
 R   4 G   1    674     582.87     47.844
 R   4 G   2    670     587.85     41.216
 R   4 G   3    684     592.87     40.139
 R   4 G   4    715     583.76     48.448
 R   4 G   5    698     583.79     47.585
 R   4 G   6    693     582.38     40.995
 R   4 G   7    665     571.47      47.36
 R   4 G   8    650     569.57     50.775
 R   4 G   9    624     550.59      50.33
 R   4 G  10    629     544.06     50.918
 R   4 G  11    610      530.7     52.341
 R   4 G  12    634     548.31     61.249
 R   4 G  13    599     529.13      43.17
 R   4 G  14    592     532.62     44.281
 R   4 G  15    633     541.24     57.933
 R   4 G  16    604     535.25     43.771
 R   4 G  17    635     543.53     58.953
 R   4 G  18    663     553.78     70.777
 R   4 G  19    624     552.33     65.482
 R   4 G  20    616     539.05     63.364
 R   4 G  21    621     541.01      57.07
 R   4 G  22    635      545.0      62.94
 R   4 G  23    627     547.93     62.399
 R   4 G  24    645      545.0     75.607
 R   4 G  25    656     548.94     77.609
 R   4 G  26    641     554.03     82.541
 R   4 G  27    632     558.86     74.498
 R   4 G  28    617     546.12     56.795
 R   4 G  29    629     548.05     61.271
 R   4 G  30    643     562.74     65.085
 R   4 G  31    642     545.21     74.398
 R   4 G  32    605     542.23     57.758
 R   4 G  33    613     542.97     55.077
 R   4 G  34    630     548.13     69.078
 R   4 G  35    611     545.16     53.646
 R   4 G  36    622     542.38     56.061
 R   4 G  37    612     540.81     67.292
 R   4 G  38    612     534.25     67.972
 R   4 G  39    620     534.52     71.795
 R   4 G  40    616     534.58     60.977
 R   4 G  41    599     534.59     47.978
 R   4 G  42    599     527.25     63.781
 R   4 G  43    584     521.56     60.052
 R   4 G  44    578     518.91     52.317
 R   4 G  45    563     514.69     33.633
 R   4 G  46    583      519.6     48.623
 R   4 G  47    579     523.29     45.741
 R   4 G  48    569     523.63     36.632
 R   4 G  49    576     527.82     46.192
 R   4 G  50    589     531.31     54.075
 R   4 G  51    574     520.02      54.28
 R   4 G  52    570      520.4      36.32
 R   4 G  53    592     525.98     57.902
 R   4 G  54    586     528.44     48.615
 R   4 G  55    597     526.76     42.164
 R   4 G  56    587      537.6     40.049
 R   4 G  57    589     546.59     25.477
 R   4 G  58    611      545.9     48.832
 R   4 G  59    596     545.64     41.094
4      4          0          1          0          0          1          1          0          0          0          0          0          1          1          1          0          0          1          0          1          1          1          0          1          1          0          0          0          1          0          1          1          0          0          1          0          1          1          1          0          1          0          1          0          1          0          0          0          1          1          0          0          0          1          0          0          0          0          0          1          1          0          1          1          1   RawFitness
                  0         -1          0          0         -1         -1          0          0          0          0          0         -1         -1         -1          0          0         -1          0         -1         -1         -1          0         -1         -1          0          0          0         -1          0         -1         -1          0          0         -1          0         -1         -1         -1          0         -1          0         -1          0         -1          0          0          0         -1         -1          0          0          0         -1          0          0          0          0          0         -1         -1          0         -1         -1         -1          715

 R   5 G   0    735     595.04     47.007
 R   5 G   1    704     584.62     42.747
 R   5 G   2    721     571.29     42.862
 R   5 G   3    679     564.02     47.196
 R   5 G   4    641     558.79     40.826
 R   5 G   5    616     549.03     37.643
 R   5 G   6    604     539.31     29.483
 R   5 G   7    580     534.91     34.281
 R   5 G   8    581     524.59     36.689
 R   5 G   9    566     511.22     30.939
 R   5 G  10    604     523.56     39.516
 R   5 G  11    587     525.65     41.468
 R   5 G  12    588     528.08     44.932
 R   5 G  13    623     536.45     51.395
 R   5 G  14    602     535.27      51.24
 R   5 G  15    597     527.76     57.568
 R   5 G  16    615     522.32     50.783
 R   5 G  17    596      518.3     51.242
 R   5 G  18    588     517.82     42.188
 R   5 G  19    567     518.99     43.839
 R   5 G  20    570     515.57     35.904
 R   5 G  21    561     515.12     37.199
 R   5 G  22    596     522.93     36.507
 R   5 G  23    573     523.31     30.471
 R   5 G  24    578     518.54     44.295
 R   5 G  25    567     525.46     32.223
 R   5 G  26    577     529.54     35.335
 R   5 G  27    589     545.43     35.978
 R   5 G  28    601     552.09     22.618
 R   5 G  29    609     549.18     36.704
 R   5 G  30    599     545.31     25.823
 R   5 G  31    612     550.84     37.589
 R   5 G  32    599     556.66     32.816
 R   5 G  33    602     552.88     41.438
 R   5 G  34    602     560.14     36.446
 R   5 G  35    591     553.79     21.998
 R   5 G  36    596     557.47     23.853
 R   5 G  37    590     558.23     21.684
 R   5 G  38    584     551.22     17.442
 R   5 G  39    588      558.3     18.757
 R   5 G  40    612     573.92     19.681
 R   5 G  41    621     585.25     20.612
 R   5 G  42    614      580.3      16.89
 R   5 G  43    623     583.34     25.816
 R   5 G  44    604     566.02      17.29
 R   5 G  45    617      570.6     18.983
 R   5 G  46    610     572.35     20.022
 R   5 G  47    606     570.05     20.531
 R   5 G  48    623     578.44     31.968
 R   5 G  49    647     581.19     30.495
 R   5 G  50    664     590.13     40.631
 R   5 G  51    658     576.99     39.543
 R   5 G  52    634     558.27     34.742
 R   5 G  53    589      541.1     36.694
 R   5 G  54    599     546.27     34.536
 R   5 G  55    631     570.18     29.871
 R   5 G  56    658     597.32     37.069
 R   5 G  57    709     631.12     37.229
 R   5 G  58    703     639.07      33.79
 R   5 G  59    700     634.14     43.995
5      0          1          0          1          1          1          1          1          1          0          1          0          1          0          1          1          1          1          1          0          0          0          0          1          0          0          1          0          1          1          0          0          0          1          0          0          1          1          0          1          1          0          1          0          1          0          0          0          0          0          0          0          0          0          1          0          1          0          1          1          0          0          0          0          0   RawFitness
                 -1          0         -1         -1         -1         -1         -1         -1          0         -1          0         -1          0         -1         -1         -1         -1         -1          0          0          0          0         -1          0          0         -1          0         -1         -1          0          0          0         -1          0          0         -1         -1          0         -1         -1          0         -1          0         -1          0          0          0          0          0          0          0          0          0         -1          0         -1          0         -1         -1          0          0          0          0          0          735

 R   6 G   0    738     594.23     52.827
 R   6 G   1    688     584.55     49.987
 R   6 G   2    675     583.88     56.119
 R   6 G   3    727     597.33     49.935
 R   6 G   4    724     608.12     68.747
 R   6 G   5    703     613.06     57.375
 R   6 G   6    693     599.91     64.628
 R   6 G   7    683     578.32     69.807
 R   6 G   8    630     560.47     48.128
 R   6 G   9    655     556.85     68.896
 R   6 G  10    648     550.26     59.812
 R   6 G  11    632     548.65     70.461
 R   6 G  12    664     543.94     80.112
 R   6 G  13    626     536.92     74.069
 R   6 G  14    605     537.47     59.692
 R   6 G  15    598     527.42     55.566
 R   6 G  16    602     528.09     52.749
 R   6 G  17    575     515.78     47.238
 R   6 G  18    589     524.23     54.457
 R   6 G  19    592      519.7     40.375
 R   6 G  20    625     525.64     64.858
 R   6 G  21    662     526.37      59.35
 R   6 G  22    597     523.23     50.135
 R   6 G  23    574     516.06     48.244
 R   6 G  24    580     515.92     58.736
 R   6 G  25    565     514.37     44.498
 R   6 G  26    553     516.18     31.682
 R   6 G  27    568     525.71     31.438
 R   6 G  28    580     518.95     28.083
 R   6 G  29    585     529.73     51.713
 R   6 G  30    603     536.16     39.781
 R   6 G  31    604     542.52     26.751
 R   6 G  32    606     545.58     37.083
 R   6 G  33    646     547.99     50.836
 R   6 G  34    611     550.06     43.972
 R   6 G  35    603     540.78     46.972
 R   6 G  36    614      545.9     44.817
 R   6 G  37    603     542.02     37.414
 R   6 G  38    586     530.17     41.628
 R   6 G  39    572     517.32     33.548
 R   6 G  40    599     518.11     29.972
 R   6 G  41    599     534.45      41.78
 R   6 G  42    593     554.25     33.499
 R   6 G  43    609     566.46     44.631
 R   6 G  44    605     569.72     21.328
 R   6 G  45    605     565.25     35.671
 R   6 G  46    617      564.7     37.014
 R   6 G  47    611     561.37     35.183
 R   6 G  48    627     559.07     31.761
 R   6 G  49    603     553.28      35.26
 R   6 G  50    610     550.78     37.156
 R   6 G  51    621     553.28      46.99
 R   6 G  52    610     547.85     41.231
 R   6 G  53    594     536.87     50.512
 R   6 G  54    629     544.58     42.531
 R   6 G  55    610     537.96     31.911
 R   6 G  56    595      532.7     45.754
 R   6 G  57    610     528.46     49.738
 R   6 G  58    609     532.95     42.968
 R   6 G  59    614     533.94     58.286
6      0          1          1          0          1          0          0          0          1          0          1          0          1          0          1          0          1          1          0          0          0          1          0          1          1          0          0          1          0          1          0          1          1          1          0          0          1          0          1          1          1          0          0          0          1          0          0          1          1          1          1          0          1          0          1          0          0          0          0          0          0          0          0          1          1   RawFitness
                 -1         -1          0         -1          0          0          0         -1          0         -1          0         -1          0         -1          0         -1         -1          0          0          0         -1          0         -1         -1          0          0         -1          0         -1          0         -1         -1         -1          0          0         -1          0         -1         -1         -1          0          0          0         -1          0          0         -1         -1         -1         -1          0         -1          0         -1          0          0          0          0          0          0          0          0         -1         -1          738

 R   7 G   0    720     585.22     58.524
 R   7 G   1    714     575.43     52.533
 R   7 G   2    693     568.44      49.17
 R   7 G   3    669     557.9.658
 R   5 G  33    760     588.44     71.052
 R   5 G  34    763    592.835     66.142
 R   5 G  35    758     590.45     62.211
 R   5 G  36    751     590.95     66.622
 R   5 G  37    760    591.285     62.285
 R   5 G  38    747     589.58     64.235
 R   5 G  39    764    587.575     69.581
 R   5 G  40    741     592.09     54.773
 R   5 G  41    728     582.48     60.047
 R   5 G  42    768     596.36     61.102
 R   5 G  43    731     585.41     62.702
 R   5 G  44    736    587.975     56.536
 R   5 G  45    753     588.56     64.215
 R   5 G  46    726    587.555     55.782
 R   5 G  47    750     590.59     64.572
 R   5 G  48    732     585.39     58.087
 R   5 G  49    740      584.0     62.869
 R   5 G  50    763     588.31     69.125
 R   5 G  51    751    587.645     62.214
 R   5 G  52    753     589.27     67.095
 R   5 G  53    755     585.75     66.005
 R   5 G  54    747    589.475     61.854
 R   5 G  55    752     582.59      67.38
 R   5 G  56    741    592.775     59.018
 R   5 G  57    741     584.82     68.757
 R   5 G  58    745    588.575     59.942
 R   5 G  59    758     584.75     67.638
 R   5 G  60    775    587.705      72.91
 R   5 G  61    742     585.33     57.004
 R   5 G  62    774     585.22     74.645
 R   5 G  63    756    586.345      70.38
 R   5 G  64    765    588.465      69.54
 R   5 G  65    756     588.33     69.262
 R   5 G  66    745    588.535      62.97
 R   5 G  67    760    592.615     71.016
 R   5 G  68    752    591.495     62.477
 R   5 G  69    752     588.52      68.46
 R   5 G  70    761    592.255     63.113
 R   5 G  71    750    587.605     69.342
 R   5 G  72    769    593.155     65.879
 R   5 G  73    749    588.075      65.76
 R   5 G  74    772    591.535     71.566
 R   5 G  75    739    586.925     63.453
 R   5 G  76    776     595.94     69.256
 R   5 G  77    747    586.335     61.651
 R   5 G  78    749    588.435      61.57
 R   5 G  79    738     589.11     58.513
 R   5 G  80    760     593.79     68.588
 R   5 G  81    758    588.235      68.02
 R   5 G  82    740      588.5     62.936
 R   5 G  83    738     585.21     57.401
 R   5 G  84    788     590.49     73.314
 R   5 G  85    744     588.33      57.22
 R   5 G  86    750     585.15     66.269
 R   5 G  87    765     588.01     71.934
 R   5 G  88    728      581.7     61.162
 R   5 G  89    754    588.825     62.342
 R   5 G  90    747    588.645     65.649
 R   5 G  91    747     585.12     64.036
 R   5 G  92    762     591.74     67.734
 R   5 G  93    749    586.395     65.107
 R   5 G  94    768    594.055     69.483
 R   5 G  95    763    589.255     62.325
 R   5 G  96    764     588.76     69.503
 R   5 G  97    751     588.23     62.416
 R   5 G  98    751     585.84     65.993
 R   5 G  99    774    591.715     69.086
5     18          0          0          0          0          1          0          1          1          0          1          0          0          1          1          0          0          0          0          1          1          0          0          1          1          0          1          0          1          0          0          0          0          0          0          0          1          0          1          1          1          0          0          0          1          0          1          0          0          1          0          1          0          1          1          0          0          1          0          1          0          0          0          1          0   RawFitness
                  0          0          0          0         -1          0         -1         -1          0         -1          0          0         -1         -1          0          0          0          0         -1         -1          0          0         -1         -1          0         -1          0         -1          0          0          0          0          0          0          0         -1          0         -1         -1         -1          0          0          0         -1          0         -1          0          0         -1          0         -1          0         -1         -1          0          0         -1          0         -1          0          0          0         -1          0          795

 R   6 G   0    767     592.73     41.111
 R   6 G   1    768     590.97     57.818
 R   6 G   2    748      588.1     52.367
 R   6 G   3    752    587.715     62.362
 R   6 G   4    760    595.525     56.972
 R   6 G   5    752     590.27     58.261
 R   6 G   6    751     585.74     65.871
 R   6 G   7    764     590.32     61.867
 R   6 G   8    763    591.455     65.178
 R   6 G   9    761    595.345     59.197
 R   6 G  10    745     589.85     59.017
 R   6 G  11    763    590.965     68.737
 R   6 G  12    752      591.0     64.813
 R   6 G  13    757     586.62     60.088
 R   6 G  14    751    596.135     62.256
 R   6 G  15    760    593.935     61.552
 R   6 G  16    758    592.725     64.295
 R   6 G  17    749    589.765     65.274
 R   6 G  18    760    595.005     65.833
 R   6 G  19    758     586.05     67.328
 R   6 G  20    759    595.635     61.278
 R   6 G  21    756    592.175      64.44
 R   6 G  22    758    592.845      67.15
 R   6 G  23    752     592.33     59.985
 R   6 G  24    761    592.255     68.132
 R   6 G  25    732    592.555     55.831
 R   6 G  26    748      590.2     57.655
 R   6 G  27    753    592.485      62.65
 R   6 G  28    766     592.97     65.296
 R   6 G  29    773    588.375     76.951
 R   6 G  30    745    589.985     60.708
 R   6 G  31    786    594.465     70.567
 R   6 G  32    756     594.05     60.652
 R   6 G  33    751    583.425      65.57
 R   6 G  34    739    590.495     62.994
 R   6 G  35    747      587.0     69.474
 R   6 G  36    761     588.65     65.213
 R   6 G  37    755    588.935     63.941
 R   6 G  38    759    591.625     65.511
 R   6 G  39    773     593.38     65.879
 R   6 G  40    770     592.21     67.817
 R   6 G  41    752      592.1      61.96
 R   6 G  42    770    591.095     67.311
 R   6 G  43    759     586.99     68.014
 R   6 G  44    756    590.525     60.883
 R   6 G  45    766    589.725     62.038
 R   6 G  46    759     587.14     67.287
 R   6 G  47    759    593.325     65.437
 R   6 G  48    760     590.17     63.738
 R   6 G  49    770    593.645     64.355
 R   6 G  50    753    591.695      63.55
 R   6 G  51    755    591.385     64.404
 R   6 G  52    774    595.125      67.49
 R   6 G  53    747     591.57     58.484
 R   6 G  54    760    592.425     67.776
 R   6 G  55    753     590.46     68.795
 R   6 G  56    746    589.955     63.727
 R   6 G  57    777    591.185     71.137
 R   6 G  58    746     588.17     66.739
 R   6 G  59    792    595.435     71.799
 R   6 G  60    776     587.65     70.298
 R   6 G  61    761     587.31     68.606
 R   6 G  62    737    585.145     60.467
 R   6 G  63    740    587.395      68.66
 R   6 G  64    755    587.345      62.92
 R   6 G  65    755     590.55     68.745
 R   6 G  66    759    591.695     64.333
 R   6 G  67    758    587.005     68.052
 R   6 G  68    758    591.695     64.672
 R   6 G  69    782     588.38     71.733
 R   6 G  70    766     590.67     65.375
 R   6 G  71    738     587.73     60.023
 R   6 G  72    766     584.56      74.47
 R   6 G  73    771     592.18     65.932
 R   6 G  74    756    589.075     65.472
 R   6 G  75    753    588.715     70.668
 R   6 G  76    749     589.36     64.473
 R   6 G  77    760    588.325     63.732
 R   6 G  78    765    587.105     68.009
 R   6 G  79    752    590.975     61.786
 R   6 G  80    746     584.18     63.506
 R   6 G  81    759     592.07     65.727
 R   6 G  82    755     591.11      67.35
 R   6 G  83    740      582.7     60.445
 R   6 G  84    742    588.245     69.126
 R   6 G  85    749      593.4     69.367
 R   6 G  86    763      585.7     70.293
 R   6 G  87    743      586.1     65.694
 R   6 G  88    750    589.375     62.748
 R   6 G  89    752     588.77     61.407
 R   6 G  90    778    592.385     64.616
 R   6 G  91    750    588.795     64.763
 R   6 G  92    749    588.665     66.751
 R   6 G  93   609.82     32.468
 R   9 G  10    674     606.85     36.602
 R   9 G  11    697     623.95      44.56
 R   9 G  12    696     634.93     44.291
 R   9 G  13    693     636.92     37.318
 R   9 G  14    699     650.65     39.766
 R   9 G  15    720     662.78     40.884
 R   9 G  16    728     673.62     41.616
 R   9 G  17    715     667.02     39.804
 R   9 G  18    724      670.6     42.406
 R   9 G  19    716     666.63     42.789
 R   9 G  20    713     670.89     34.712
 R   9 G  21    714     667.08     39.468
 R   9 G  22    710     667.93     35.052
 R   9 G  23    723     679.92     30.007
 R   9 G  24    726     684.46     31.212
 R   9 G  25    718     665.29     34.797
 R   9 G  26    707     664.44     33.386
 R   9 G  27    710     661.01     33.847
 R   9 G  28    710     667.69     35.434
 R   9 G  29    718      671.8     35.041
 R   9 G  30    743     697.79     26.493
 R   9 G  31    730     684.31     40.948
 R   9 G  32    729     684.86     33.003
 R   9 G  33    727     676.69     36.844
 R   9 G  34    735     690.81     34.457
 R   9 G  35    726     680.79     46.958
 R   9 G  36    729     687.86      37.73
 R   9 G  37    735     701.41     34.222
 R   9 G  38    731     700.73     36.873
 R   9 G  39    730     686.29     47.673
 R   9 G  40    729     698.16     27.216
 R   9 G  41    739     698.88     39.421
 R   9 G  42    735     696.56     36.388
 R   9 G  43    727     686.73     37.132
 R   9 G  44    742     692.01     43.326
 R   9 G  45    728     680.63     52.238
 R   9 G  46    731      697.9     30.803
 R   9 G  47    737     695.53     33.588
 R   9 G  48    733     704.04     29.726
 R   9 G  49    728     693.22     38.951
 R   9 G  50    729     692.88     29.371
 R   9 G  51    732      696.6     36.712
 R   9 G  52    725     692.77     40.225
 R   9 G  53    726     687.21     40.921
 R   9 G  54    727     688.02     38.218
 R   9 G  55    733      694.4     37.496
 R   9 G  56    730     689.89     39.569
 R   9 G  57    731     691.75     32.468
 R   9 G  58    740     701.78     41.956
 R   9 G  59    726     692.56     38.121
9     30          0          1          1          1          0          1          1          1          1          0          1          1          0          0          0          0          0          0          1          0          0          0          1          1          0          0          0          1          1          0          0          1          1          1          0          1          0          1          0          0          0          0          0          1          0          1          1          1          0          1          1          1          0          0          0          1          1          1          0          0          1          0          0          1   RawFitness
                  0         -1         -1         -1          0         -1         -1         -1         -1          0         -1         -1          0          0          0          0          0          0         -1          0          0          0         -1         -1          0          0          0         -1         -1          0          0         -1         -1         -1          0         -1          0         -1          0          0          0          0          0         -1          0         -1         -1         -1          0         -1         -1         -1          0          0          0         -1         -1         -1          0          0         -1          0          0         -1          743

 R  10 G   0    788     590.32     50.757
 R  10 G   1    742     576.68     63.515
 R  10 G   2    740     583.11     77.456
 R  10 G   3    718     581.18     78.895
 R  10 G   4    717     579.31     98.952
 R  10 G   5    722     584.35    102.048
 R  10 G   6    755     588.38    116.711
 R  10 G   7    698     579.04     113.15
 R  10 G   8    666     568.21     91.717
 R  10 G   9    679     571.15    109.266
 R  10 G  10    677     561.15     92.758
 R  10 G  11    690      562.7    102.091
 R  10 G  12    666     565.67     89.895
 R  10 G  13    675     563.55     94.819
 R  10 G  14    680     568.89     96.708
 R  10 G  15    689     575.52     100.44
 R  10 G  16    664     571.08      87.76
 R  10 G  17    655     571.93      57.83
 R  10 G  18    679     569.32     86.926
 R  10 G  19    703     590.34     98.559
 R  10 G  20    689     580.36     92.205
 R  10 G  21    687     575.61     97.614
 R  10 G  22    660     573.21     81.347
 R  10 G  23    686     564.43     88.123
 R  10 G  24    700     563.62    103.444
 R  10 G  25    671     560.27     86.193
 R  10 G  26    675     562.11     93.599
 R  10 G  27    689     563.72     92.685
 R  10 G  28    675      557.2     97.517
 R  10 G  29    664     561.26      72.87
 R  10 G  30    645      556.6     81.132
 R  10 G  31    639     553.51     71.176
 R  10 G  32    614     541.81      65.49
 R  10 G  33    640     540.97     77.488
 R  10 G  34    661     549.48     80.977
 R  10 G  35    616      536.8     64.616
 R  10 G  36    608     537.94      54.71
 R  10 G  37    597     532.05     49.929
 R  10 G  38    596     531.62     48.298
 R  10 G  39    625     540.91     64.782
 R  10 G  40    612     535.59     52.093
 R  10 G  41    621     535.83     62.677
 R  10 G  42    599     528.64     47.883
 R  10 G  43    599     533.19     49.134
 R  10 G  44    571     515.62     41.141
 R  10 G  45    579     518.44     48.154
 R  10 G  46    567     514.14     38.681
 R  10 G  47    575     517.19     45.426
 R  10 G  48    585     517.59     46.988
 R  10 G  49    570     515.18     47.304
 R  10 G  50    577     520.62      39.15
 R  10 G  51    587     527.13      50.71
 R  10 G  52    595     528.24     39.936
 R  10 G  53    579      524.3     42.432
 R  10 G  54    604     523.09     49.615
 R  10 G  55    593     526.71     49.755
 R  10 G  56    609     536.63     50.204
 R  10 G  57    607     530.89      51.51
 R  10 G  58    619     539.36     65.144
 R  10 G  59    605     540.76      60.99
10     0          0          1          0          0          1          1          0          1          0          1          0          1          1          1          1          1          1          1          1          0          1          1          0          0          1          0          0          1          1          1          0          0          0          0          0          0          1          1          0          1          0          0          0          1          1          0          0          0          1          1          0          0          0          1          0          1          1          0          1          1          1          0          1          0   RawFitness
                  0         -1          0          0         -1         -1          0         -1          0         -1          0         -1         -1         -1         -1         -1         -1         -1         -1          0         -1         -1          0          0         -1          0          0         -1         -1         -1          0          0          0          0          0          0         -1         -1          0         -1          0          0          0         -1         -1          0          0          0         -1         -1          0          0          0         -1          0         -1         -1          0         -1         -1         -1          0         -1          0          788

B                 0          1          0          0          1          1          0          1          0          1          0          1          1          1          1          1          1          1          1          0          1          1          0          0          1          0          0          1          1          1          0          0          0          0          0          0          1          1          0          1          0          0          0          1          1          0          0          0          1          1          0          0          0          1          0          1          1          0          1          1          1          0          1          0   RawFitness
                  0         -1          0          0         -1         -1          0         -1          0         -1          0         -1         -1         -1         -1         -1         -1         -1         -1          0         -1         -1          0          0         -1          0          0         -1         -1         -1          0          0          0          0          0          0         -1         -1          0         -1          0          0          0         -1         -1          0          0          0         -1         -1          0          0          0         -1          0         -1         -1          0         -1         -1         -1          0         -1          0          788

Gen                 AvgFit              BestFit 
0              591.79              729.7               
1              582.3               708.9               
2              577.3               706.1               
3              572.79              688.8               
4              569.86              674.8               
5              564.8               659.9               
6              563.07              655.2               
7              559.0               642.6               
8              556.34              633.8               
9              553.11              632.6               
10             549.6               630.2               
11             550.51              629.8               
12             553.08              630.4               
13             550.88              627.2               
14             552.27              623.4               
15             549.84              622.5               
16             550.65              620.8               
17             549.79              620.6               
18             551.29              626.5               
19             552.26              620.9               
20             551.95              626.8               
21             551.13              627.3               
22             553.97              626.6               
23             554.66              629.5               
24             552.79              627.8               
25             550.64              623.2               
26             551.52              618.2               
27             551.34              618.9               
28             550.52              619.2               
29             552.14              620.1               
30             558.02              626.2               
31             559.62              626.9               
32             557.74              619.0               
33             555.67              627.0               
34             560.16              626.7               
35             554.69              615.0               
36             557.27              620.1               
37             558.48              618.9               
38             559.0               618.3               
39             559.99              626.2               
40             564.75              629.2               
41             567.64              629.2               
42             569.54              628.9               
43             570.7               630.8               
44             564.57              619.2               
45             563.92              616.9               
46             568.43              625.6               
47             568.8               623.3               
48             574.76              632.9               
49             574.92              628.7               
50             577.29              635.2               
51             576.42              633.6               
52             577.38              633.6               
53             580.24              637.0               
54             585.79              646.3               
55             591.23              647.2               
56             594.31              649.1               
57             598.57              658.1               
58             602.19              659.3               
59             600.65              653.6               

